33 8.55542170258639
82 12.41274687239224
118 8.704829743312013
153 12.229812132082174
186 9.773383207824802
226 15.45333800657956
262 11.60311428631273
294 11.304845523743081
333 13.583919550954564
365 11.110883831700562
400 11.377553889166167
432 11.117292050494646
462 10.39785429245281
488 7.2150771518294
528 13.484211556500902
567 13.185549325390662
595 9.221117232253567
623 7.947684647101093
667 13.918165951185966
693 7.367829568471933
738 16.95477373053555
770 11.159178017299263
799 8.63639621748938
827 8.137793914172613
854 7.7038668543848186
885 9.270336489272317
911 7.379354292227923
942 9.415452064484285
974 9.842186307439272
1006 11.197801108632401
1046 13.460573916732404
1102 20.655571681727043
1141 13.392217553705485
1176 11.270946244350462
1209 10.297798106370742
1252 15.427291874297062
1281 9.951748432566209
1322 14.172700231254607
1391 27.70520055530541
1428 12.37395563511138
1501 30.401348949347984
1534 10.490482646747258
1588 17.885657225447662
1617 8.930207808958643
1649 9.430336790637718
1681 9.333830813344862
1713 9.831198550383144
1741 8.188744779127065
1779 12.46816018950286
1827 17.85849074195646
1890 20.98620084031295
1920 8.205240400355038
1947 7.045730571099522
1975 8.895769721980352
2015 13.462732238198257
2046 10.197501970848949
2079 10.205168802379713
2117 14.053986716142083
2144 7.071961830461563
2176 9.770305789526514
2216 13.500480817805883
2248 11.226242161754401
2278 9.877035700356187
2310 11.122543362775028
2349 14.436848602079788
2381 11.136136663302695
2413 11.41731411295999
2444 10.698496976325938
2944 153.1761913503946
2983 13.43508561006838
3014 10.674417195434792
3042 8.195786134243383
3076 11.844003041752751
3129 22.51914405636888
3160 10.799159573532055
3193 10.476375695484702
3224 9.419854177648448
3257 11.53216158292004
3318 25.18047155017685
3351 10.297358043321708
3401 21.45261512562771
3462 23.697679267099574
3499 13.889502753151115
3525 8.659794562124493
3554 8.651543438387774
3590 11.58561260137863
3624 12.10451095910643
3654 8.955315019321622
3684 8.513212918028957
3716 11.238965782685533
3748 11.015892421610678
3781 11.63159386892999
3819 13.057211638102341
3852 11.646294524958165
3898 17.43493885559673
3932 10.573635667013724
3958 8.669786080446475
4008 17.03932355311458
4041 11.593021917422597
4541 152.0412603606747
4589 17.555647864201482
4616 7.729470551414925
4659 15.673277200728506
4697 12.782084092043812
4723 7.345946951822322
4779 20.50593164782083
4805 7.317999185376804
4834 9.656315521777783
4877 15.262722532573868
4921 16.61583805286262
4980 25.87292540425889
5006 7.3213385699023625
5035 8.386232289136121
5061 7.20869752612945
5086 8.07393772697263
5120 10.097379682463632
5146 7.159014065319864
5172 7.320573063507602
5208 10.315226231529646
5248 13.804785671762957
5273 8.284204812133256
5319 15.396974000777046
5366 16.002564689901558
5398 10.764891292117095
5422 6.06338362841381
5468 15.154952466665378
5500 11.163717560963486
5531 9.187630964666438
5578 18.734086569146502
5610 11.088740470781108
5678 30.10005186777197
5704 7.337362479088753
5743 13.887519903550231
5774 9.10190407338339
5809 11.063285231614108
5835 7.26489851578914
5861 7.30259442731427
5901 13.05866829525712
5931 8.152677614096355
5957 8.610694858127026
5984 7.578165952468636
6011 8.944755217624202
6054 11.315329664240688
6082 7.85323294362907
6108 7.138384884318052
6151 10.886710048607654
6174 5.171910668921736
6198 5.711291155078561
6221 5.44459361626951
6244 5.606056533513357
6268 5.2470513114573425
6291 6.823321802659196
6338 11.201239498383304
6361 6.522093490618246
6390 8.475620716206807
6440 19.00487713201472
6482 14.536697530534525
6511 9.6383763194774
6537 7.2464735577216235
6584 16.182888713150515
6612 9.568485639215119
6637 6.794629023355754
6664 7.715019561160265
6703 11.311616897165766
6729 7.136256294037503
6762 9.398991318886619
6788 7.256318017102602
6815 7.428008641369281
6846 8.302882902303253
6998 46.19764763891522
7021 5.282682896462385
7047 5.303425420521547
7101 11.280458154996577
7169 11.660053603856552
7233 13.673939417853248
7260 8.28378365597201
7283 5.290473749518874
7306 5.262253459995801
7330 6.467171327539026
7353 6.197850185366328
7376 6.3449320721243305
7422 12.25001194738827
7445 6.318701307724498
7473 7.887516992693514
7500 6.055907494686572
7529 7.934203379284787
7555 6.666082362583512
7609 12.239257872904073
7640 7.500721255915035
7664 5.372507214394886
7687 6.184351186876516
7710 6.300296339720341
7735 5.219023468853073
7770 8.453156885141286
7795 5.253414023876666
7819 4.997938517000292
7844 6.220471179551313
7868 6.380439112083629
7892 6.223342079706087
7940 10.92506383590135
7968 7.0005852974079215
7993 6.243781395037491
8030 8.570682671469978
8069 9.278233078306078
8094 6.247357192410396
8120 5.213620861491262
8145 6.007276511357896
8170 6.062254883866655
8195 5.507311840791191
8221 5.2620073058616885
8245 5.094479453177493
8300 10.585120561379414
8338 10.1678991011753
8362 5.034933040359126
8386 6.1169714448204235
8437 8.707022313925087
8466 5.921219959533168
8498 7.113157190397745
8523 6.074060527295615
8555 7.922598690010354
8581 5.270659972445845
8606 5.225311140261724
8630 6.2783859066601
8684 9.664328253128144
8736 12.125250957912186
8762 6.519136250067368
8788 5.28188976163824
8814 6.324630834732877
8852 9.109288569986933
8878 6.644585737944992
8912 7.023197075916141
8940 5.695507512331553
8966 5.496155270690909
8997 6.2536465642502295
9031 6.868602394188163
9055 5.16811066303439
9081 5.293164769718519
9108 5.36623615442195
9133 6.565897915440542
9173 7.8513267834476785
9198 5.4930883605465235
9285 24.0226714130221
9312 5.656844163712776
9352 9.48832817605567
9375 6.116861980307949
9415 8.937111401499298
9448 7.494299739552146
9489 9.24735248039717
9719 53.330388600141625
9802 19.8345233526067
9843 8.470407926006136
9887 8.611674683516704
9930 11.065243862472318
9955 5.201457338586402
10013 12.336350553514817
10058 9.930595246525353
10116 9.819327282187295
10155 10.171207945983626
10181 5.460194566047729
10219 7.251172873168764
10267 10.29466484089155
10305 9.051778545320381
10332 6.712024998423561
10384 11.229891888078074
10429 8.707856356192476
10468 7.4829275155514114
10498 6.454103623003412
10528 7.572638106685302
10553 6.33900732930741
10605 9.914251949684717
10641 7.389908912976589
10683 10.801129737294996
10711 5.898412543309973
10742 6.451571134993555
10781 10.380879321580354
10823 9.501500663729683
10861 10.066383578902737
10889 5.760422356839721
10920 7.804126092909622
10955 7.263548909089831
10995 9.633317034229716
11026 6.7039098220543885
11054 6.775164180476121
11105 11.684245140642632
11158 13.211125463843398
11198 10.345912487406707
11224 6.315545452506027
11259 8.210538867927585
11288 6.0186103611343835
11316 6.369451729078232
11342 5.3092687659208915
11372 5.879160271519271
11398 6.484768731776526
11440 9.273877868571333
11482 8.323635292905104
11526 9.478083391386408
11564 7.7175481847328005
11602 9.04896735328411
11631 6.101685216618282
11666 7.936133617695475
11699 6.840260990299698
11736 7.297907794679411
11764 5.689961232997086
11801 7.703075740768833
11833 6.806382731427745
11860 6.632997207194912
11885 6.488383685536931
11916 6.3850432512040864
11950 7.091573450905312
11981 6.55676196194961
12009 5.958979814416888
12039 7.462163228107132
12066 6.759880705927054
12112 9.614380781999737
12151 8.68240574850858
12195 8.327117363017129
12230 7.698911151709887
12283 10.087026878017063
12314 7.313482897366288
12347 6.884309522662983
12376 7.137452148360454
12406 7.56234608855693
12436 7.310804523345352
12466 7.590242135276403
12504 8.05411110346783
12531 6.036062001658795
12568 7.652124545096552
12601 7.276705213310777
12642 9.917664106522494
12696 9.63878989242586
12725 7.115336763066779
12755 7.005813275340819
12789 6.717646990108866
12830 8.59209220921946
12895 12.43627620935078
12942 11.158105779528533
12970 5.8269793162311245
13003 6.8218156429534265
13046 9.613934475608692
13088 8.547512765324438
13121 7.354735983978738
13149 6.409061351109005
13203 11.861155690773678
13236 6.746298742788709
13273 8.408545541110145
13356 15.03246170515185
13385 7.282322330866483
13427 8.912684661694875
13457 6.18278762525727
13485 5.627125007509834
13535 9.697120710834483
13564 6.046222811784904
13619 13.088881251857535
13652 7.193685600014902
13688 10.886106876651167
13723 10.749119441413303
13758 12.313250307137677
13794 12.048411366299442
13831 11.245158840272214
13872 14.605255096550145
13908 13.075594326149783
13939 9.013541905807148
13969 9.843026132869099
14018 18.069748624654096
14053 11.081160793187836
14109 20.033496590472517
14156 17.892225438288857
14188 9.363243575530413
14219 8.622672857737065
14255 10.592821445605873
14297 15.157738576718335
14333 10.88179681449752
14396 25.11511037007746
14445 20.19652037594831
14475 10.344158666438442
14519 16.078770324742283
14561 14.02526849158814
14597 11.483223224522552
14625 9.46490257408233
14658 11.850041960720478
14697 13.957738101790717
14730 11.613455246249913
14763 11.567354012072343
14801 14.324756487934366
14830 9.853047945979062
14869 13.694146461054903
14895 6.719698194914691
14936 13.152393220604651
14968 9.502099239812626
14999 10.796140130600442
15055 21.952516517120692
15089 10.290488308861056
15116 7.1461027609708445
15141 7.690430738685794
15203 26.88352590054648
15241 14.316116490928817
15294 20.299967010511057
15320 7.318392406644438
15352 9.595062735690288
15389 12.003374768862752
15417 9.452499576498372
15455 14.519108285090555
15485 10.227228939142432
15520 10.490855631573906
15564 16.261340051699186
15610 15.518272067622338
15646 11.305049503706403
15696 18.09369984639303
15726 10.065525974637497
15759 11.592802967760823
15790 10.67144279607471
15824 11.971190498641144
15892 32.110508638060985
15926 8.197714937051789
15953 9.116087016404839
15991 14.450066114151062
16018 7.724212584952944
16062 15.200810639085013
16095 9.821831871195666
16129 10.663775105896727
16181 19.00871821292301
16229 18.265327038358965
16261 9.575867993068412
16286 5.547331359673743
16319 11.805377531000605
16351 9.631162588334568
16383 9.583314047583482
16422 12.095619085469762
16462 15.376614738621269
16490 5.595571898181493
16530 14.593789372284718
16578 16.98951895422575
16649 28.695312545406978
16682 10.870902039819795
16722 14.063648341726593
16781 21.53299665436295
16817 12.250173633312246
16850 9.932474320751268
16885 10.405074108546772
16915 8.691558249359483
16980 27.91963206855825
17015 11.123762246894303
17047 9.719885242700474
17081 10.395529509102175
17139 21.401683053621383
17172 11.535793983871354
17201 8.633577970951386
17265 27.833252591336247
17303 11.390843677484648
17331 9.490280963069605
17371 13.93497095097267
17411 13.01631869228464
17462 17.274915252277136
17525 28.183952578716518
17563 12.020509929021202
17598 12.422521516119197
17628 9.041678392708857
17662 12.286944056556605
17707 17.03302656263833
17732 5.4489219209302
17762 8.765803807929725
17805 15.631665806621479
17839 10.691373380592234
17878 14.237387701111132
17908 8.33129936012317
17938 9.024673698798077
17992 21.71167697010692
18027 10.783541675327466
18077 21.216527361755713
18117 12.95188425353995
18170 18.419256206423174
18227 25.626208465362136
18274 16.74370549793664
18321 19.04668054667753
18356 11.082359186597925
18389 11.850284635981215
18427 13.52046344055882
18457 9.86061907154363
18501 15.271855243926936
18548 17.958831981863824
18617 22.886159646599804
18650 11.775407683692347
18700 17.49315850132435
18729 8.006421135503171
18758 8.523211977317768
18790 9.376439462002061
18824 10.456927928346454
18865 13.10833241077375
18905 13.011150305505709
18938 11.539637190799493
18966 8.151930337031379
18992 7.36478313423205
19048 20.92525421744406
19087 13.437380216002623
19137 16.747717115758878
19170 10.25129843525635
19202 9.870518502059742
19235 11.591906520402448
19266 10.801071408686228
19298 11.247538168151047
19332 12.074381455212821
19357 8.299242956215313
19414 23.305095270890842
19464 19.65811055798149
19510 17.14413347772297
19541 10.120225527495096
19571 8.495479805389387
19603 11.21673046277908
19643 13.230029404073372
19676 11.705068504883107
19707 10.444937063557065
19739 11.033799991343924
19785 17.514205792823656
19832 16.313302322542302
19862 10.358323559506577
19902 14.02119906053204
19931 9.150190612815324
19979 18.689649536125994
20017 13.475967693805984
20058 15.471164665693804
20095 13.270907852831321
20129 11.583716115347634
20154 7.804752143095559
20184 9.770264721401626
20215 10.858212015786146
20272 22.484719216225184
20304 9.883338349646614
20335 9.54916556955674
20368 10.338336020783
20401 10.46140951316214
20452 19.011915644946736
20489 12.498145668306144
20520 10.667762330974876
20548 8.155383199267497
20584 10.821479030537349
20616 9.681363701079814
20648 10.569288788597012
20681 10.464167618149022
20714 10.144352028061217
20744 10.469785941929796
20795 16.463362822280466
20829 10.932782329652293
20867 12.413724595672035
20902 11.122957357390549
20935 11.817124907512905
20981 19.051662263592636
21007 7.106829225867351
21073 26.887651930191858
21107 12.325697356239282
21134 7.722420875088769
21179 16.510795267511597
21210 9.405076560103382
21261 21.789805722911552
21321 26.720105464923602
21359 13.289624297517564
21392 10.470518571985655
21419 9.130692208659752
21457 12.76474981127038
21488 9.228550013272427
21516 9.498932966936007
21585 31.948441011712625
21610 8.321045427469091
21645 11.348749279033672
21674 8.55195461410017
21711 12.409648015714172
21758 18.55513251255459
21790 9.579148562127255
21823 10.283131855333862
21856 9.306358634293654
21883 9.08915140872662
21913 10.296194752962272
21960 18.32704998410112
21989 8.504104189445334
22041 21.555158565073118
22074 11.03006385254857
22105 10.30172263118546
22134 9.895278346201179
22182 16.349766440910372
22231 17.877732925465242
22274 16.266144961212788
22307 10.993169903188088
22356 19.951159175399578
22389 11.227001705114072
22444 20.106221439427486
22475 9.498559300151278
22516 14.400218184449706
22544 9.511958746951807
22575 10.58423152151132
22614 13.381450050101146
22662 17.44636333714355
22730 27.298709237838853
22766 12.855204849907091
22807 13.459266889354781
22852 17.150810426185593
22883 9.52307782103156
22920 12.468630551121588
22964 16.662840172307785
23012 16.322534195729272
23041 8.263642667520754
23076 11.344854597802923
23114 14.481047736281774
23163 20.991070242850604
23197 10.275156034252653
23228 9.843191243112694
23262 10.057898161855443
23295 11.371733491856363
23360 25.1974579868893
23393 11.98332835452969
23434 14.433767551861846
23473 13.559321333500797
23567 46.248217057914516
23592 8.28329661488555
23640 18.376604846230318
23673 11.59869264869862
23706 11.693387091435532
23743 11.961584538055165
23784 13.562341940724158
23810 7.376481859672712
23836 8.589610773805841
23863 9.160134565353736
23895 9.481092010678324
23938 15.759014697443822
23974 12.583947427456426
24008 11.377541716453546
24036 7.311544366890329
24074 13.106968835850838
24101 8.483039057724602
24142 15.310434873543448
24195 18.01968736832877
24230 12.481988532610304
24291 26.613084850612996
24319 8.076787921989418
24351 10.819354289767691
24427 32.643458845936124
24458 10.76997203215399
24494 12.4654082496256
24531 12.935478210384387
24565 11.66834321823904
24635 25.93765685444679
24670 11.095197709899718
24709 13.126346438312229
24758 18.244136036494346
24792 12.286313122476116
24826 10.766133306999565
24862 12.716672003118813
24892 8.939752650671618
24921 9.928625520508941
24957 12.515175395397565
24988 10.646521395724443
25021 11.855777044533491
25071 18.918697069655938
25097 8.592911901956114
25152 19.846148913452648
25190 14.404903096053072
25216 7.330354428607603
25253 13.114487141226443
25300 17.445058456128113
25332 11.090270205166846
25368 11.887592499263834
25406 14.066632116326018
25432 7.346785097635218
25500 28.003584541692906
25561 26.84784516335401
25591 8.964113723202615
25620 8.105619208682473
25664 14.801157269446547
25726 24.109231887460155
25773 16.013599369208265
25817 16.05492084999301
25849 9.73585274268457
25880 10.03805773284647
25916 11.952181103007666
25944 9.533093498734045
25974 10.38411761334472
26001 9.022952588293778
26038 12.646383013663767
26064 8.649259944180267
26089 6.572346822283908
26119 10.273373323685922
26167 18.913043802531774
26198 10.448929931734108
26222 7.574313607233134
26249 7.702562089474149
26278 9.196578115039095
26306 7.502098161416761
26345 14.494869609725509
26386 12.800778843923625
26414 8.096798716240277
26445 10.77182562527921
26482 11.494384432210168
26521 13.375666339553028
26563 16.35804298134459
26595 9.454269432204644
26621 8.676740176064175
26666 15.109201542987932
26709 15.650754649769738
26769 27.74740644697732
26795 7.144306957717696
26821 8.610039598893092
26854 11.501604821419004
26879 6.823184995918716
26914 10.90292179730374
26960 15.949286834763495
27019 23.794418787248876
27045 8.665554716110895
27073 9.559148990190293
27102 8.560175156394399
27129 7.554751028637105
27165 13.091186856874549
27197 9.33886328394883
27224 7.731676970873805
27263 13.979973627959945
27305 14.697662697113044
27355 19.988699174084363
27388 11.870435643987495
27421 11.507494528884845
27462 15.370191603596156
27518 21.579664724636803
27551 11.403875535054775
27587 10.620496469764445
27640 21.001527812116112
27699 19.844153070877933
27738 13.943047172417275
27786 16.701065741767287
27841 23.54086175849631
27895 17.505595697785825
27938 15.434714880459689
27963 8.253339625485337
28010 15.25400497574256
28054 16.885172065945216
28087 11.491248469333906
28131 14.99970766078615
28160 9.761426374003564
28190 10.322072868830677
28247 18.616782645060677
28280 9.915000597566934
28312 10.675834184861436
28338 7.333945692465711
28364 7.323190356976577
28390 8.540995444255953
28434 14.609983652128312
28460 7.339355052873405
28491 10.417891781616923
28528 11.391905543753861
28563 12.692981005063325
28596 11.443623839118318
28665 30.841868670207106
28703 12.656917749735495
28746 16.180346560212747
28781 11.048620804382336
28817 11.516543081429976
28843 7.339200084905576
28869 8.635885546684714
28932 28.81980348849586
28960 8.13926328084985
29001 14.135910575784246
29031 10.134222467054942
29058 8.497933883399611
29088 9.836782297156232
29130 13.911077338494122
29163 9.774043977730658
29197 11.10493020910156
29253 19.31747980307929
29283 10.01345268254812
29321 14.045170239389858
29347 7.2865501084576945
29388 15.547232738907457
29431 12.333440245016163
29460 9.692854907803559
29486 7.146215373703498
29518 10.739134783244262
29544 8.615870989955813
29570 8.639965086100874
29601 8.978109491637172
29639 13.226031156645869
29664 6.885899076469602
29707 16.55990232612314
29732 8.000343075938353
29768 12.43077735371945
29793 8.019158518125149
29818 8.096746722223124
29847 9.668834800806906
29876 9.736398279134265
29903 9.03039941838058
29928 6.804273584463976
29959 10.692874659875026
29993 10.1408032766585
30045 20.43103349105486
30072 8.557732219124794
30116 16.005965361056322
30158 14.923493924798043
30189 10.385197987940204
30228 12.314653288404331
30264 11.688488952173971
30290 8.618910089921602
30326 10.407811857005566
30351 6.822255984573349
30378 7.68654151585789
30402 6.271963800235799
30427 8.053365940460667
30464 11.40935806030652
30498 11.501516078241567
30523 6.856510525014569
30548 8.020845954331776
30574 8.516167518851681
30608 11.701606419376255
30641 9.764023849878717
30683 14.557666923694562
30722 14.11683970196232
30758 11.320777662133017
30790 10.717088938434959
30816 7.305108112657395
30855 12.909394885555594
30880 8.075476731013925
30913 11.24716559120722
30954 15.470374835394514
30980 8.329636179600383
31005 6.90791768391383
31031 8.576988616496706
31056 6.798893553731983
31084 9.397677526739209
31133 16.0995552107955
31168 11.819868729758266
31219 17.40048819621734
31243 6.3440218169634
31293 19.95187688691494
31318 8.143073880544373
31357 14.189948942022458
31388 9.176079458921185
31413 8.199192007631833
31440 9.02149261922137
31466 8.490735282693432
31490 7.739593928992152
31517 7.260596534054118
31546 9.839297955282769
31578 10.938261827349715
31624 15.918022919881654
31664 13.011160178648366
31698 11.406050913782938
31724 8.662117452909943
31772 14.843221935886795
31802 8.55168824533037
31827 6.706489261560494
31850 7.2166110119380615
31876 7.28876239884565
31901 8.28142809899127
31926 6.804673214498523
31954 7.839788428707548
31977 7.08143694008566
32001 7.463767118985214
32047 16.096945228922042
32102 23.02113291055126
32141 13.817437362071749
32181 13.650200503870911
32205 7.454990757886808
32233 7.96767803905432
32270 12.77418518426854
32296 8.638884367315002
32331 11.726085248532424
32357 8.480727110539128
32394 11.258216605331375
32419 8.069096982240595
32444 6.786887787865486
32467 6.937530174637574
32492 8.085490298279659
32533 13.708384615201199
32570 11.871882482286033
32619 18.09370178636943
32648 9.535951692265755
32680 10.90636850148683
32718 11.878089906421488
32773 20.547195955413027
32798 6.347864168671477
32834 12.78214094809677
32871 10.989194554629306
32908 12.79579649292156
32935 8.290537917596332
32968 9.709290837930679
33008 13.374888279492414
33041 11.03318918613905
33066 7.623814395187175
33107 15.37679817582913
33134 7.681622749892849
33172 13.149613293515335
33218 17.659839268427326
33244 8.514909555761347
33277 10.311073445845604
33314 12.985019852467293
33348 10.940067125558356
33393 16.232642988924965
33430 11.241305279297258
33483 21.158092763690547
33511 8.96447365597553
33551 12.547852025582825
33582 10.344298869185641
33623 14.03616489184659
33669 15.730831820065337
33698 9.33850285480556
33723 6.485218394609909
33749 8.427045709738984
33779 10.472763280559077
33808 8.470536227080112
33848 12.563993700337411
33885 12.82272877716357
33928 13.731047809307572
33993 22.645689257876164
34032 13.435728178262691
34057 8.181279449208459
34092 11.233366658955653
34122 8.764078991436508
34171 17.30016557925269
34222 17.389702467743284
34263 13.665868055183992
34296 10.763661791890272
34349 19.672448616577704
34383 11.93904991640082
34419 11.76445610288763
34457 11.167639597953709
34494 11.233887222063194
34554 18.932885062596917
34582 9.17190388519683
34636 20.407730399323864
34688 19.893396492088954
34732 12.647104685343583
34772 13.744106026954674
34853 29.99743778424243
34900 14.6009818910849
34943 16.22940120577258
34996 19.62697399922094
35036 12.824165651514583
35067 9.86208865264726
35111 14.257132524560559
35147 11.945538639001727
35183 11.055204366994142
35219 10.9838165968681
35259 12.202112201096858
35303 14.49478408485765
35339 11.582079717491279
35377 11.899374048103121
35410 9.552597364730788
35449 12.789109933384957
35482 9.574561398247102
35557 23.084081356129822
35594 11.51657717857662
35636 15.17995089608697
35666 9.600838122054212
35703 11.23194569269657
35747 16.141969306380314
35792 14.449382742670199
35826 11.58421738906591
35863 11.29148379684554
35905 13.060231452688301
35985 36.85148926857317
36011 7.322934189718545
36040 7.86475113454911
36072 10.783716174107644
36109 12.76849954277768
36152 13.248993634331546
36205 21.460202104761738
36241 10.81781614612966
36274 9.807455962193622
36306 10.722206193943729
36345 14.022457650836223
36377 9.938003959202529
36405 7.696291486052658
36429 7.307424872878201
36465 12.163933313707043
36494 9.6232464240368
36531 11.546328510192943
36563 10.518303562698328
36598 10.297778053066105
36635 10.818307179741332
36676 14.118951353437092
36724 15.177078720570961
36751 8.813238329979159
36781 10.108633723155481
36831 18.52139337183572
36866 10.273427455035899
36894 8.730003649496474
36929 10.53624273100634
36962 9.748942966040708
36995 9.612470216059258
37029 10.611046621269113
37059 9.897019904158174
37093 11.461875804653365
37122 8.354183278778962
37163 13.613584893640946
37197 10.43152602247223
37241 12.676632967714067
37287 15.7704960026056
37324 10.107828131652125
37366 14.835008288575612
37401 11.32120662756589
37439 12.757438260418317
37470 9.88967739387981
37508 12.137721190956468
37541 9.635492824241947
37571 9.673294780470682
37606 11.741734395873166
37634 9.391250505377199
37660 7.08412166638815
37696 12.10171133448951
37728 9.709209812846312
37768 13.668142193595164
37796 9.413323589381136
37831 11.56934559650861
37866 11.510166178576041
37903 12.112811704436599
37946 14.388786421797892
37974 8.990138723994207
38001 8.554502513146268
38036 10.780919900340468
38061 7.601998774422925
38088 7.959615620837418
38115 7.375427202394512
38139 5.874245266559157
38182 14.32630609998604
38210 7.396041894186347
38238 9.139204708123762
38262 5.866390468266427
38288 8.113931496870274
38315 7.479677966517455
38344 8.25827157449109
38383 13.867807082724845
38408 8.102542409108967
38453 13.388153889620533
38499 13.355201856826493
38540 14.46011578813848
38566 8.627549870205788
38609 14.446592446146646
38645 12.013857165323403
38677 10.435309930228962
38710 11.290933573320768
38748 12.756663342008853
38787 13.870880915084607
38823 12.941518245457429
38866 12.94662387581189
38906 13.330861656844537
38932 8.036586845268939
38957 7.717716546758569
39002 12.805536707609374
39033 9.965436932233333
39063 9.568673401956644
39091 7.5383646908614015
39118 7.307431840028121
39151 10.677188232783662
39184 10.84572613438985
39209 7.40693701793688
39236 8.727249486710848
39266 9.570201020759589
39295 9.454063634663472
39320 8.268460744999345
39361 13.414650777556622
39390 9.436257501320593
39424 11.690113921405757
39450 8.030994811783607
39480 9.191054766188259
39514 10.683718154477997
39550 10.03938092958542
39580 9.380386237730542
39632 16.314988103150302
39669 12.842310637776555
39701 9.289089121311278
39732 10.324085880691953
39757 7.902762811084806
39784 8.898009506035761
39821 13.459169930357472
39851 9.825404496374304
39905 16.403713957723944
39943 13.244673736800234
39967 6.229249859838304
40004 10.33315911116298
40026 6.6888210760600115
40071 15.814001513068074
40115 16.482098396762236
40161 13.56216410552203
40207 13.02464622652948
40238 10.19489050753037
40273 11.036483034838612
40319 15.21827233552557
40344 7.417425905466153
40381 13.157807185432382
40410 9.374391511403935
40439 8.251458188182264
40513 32.1450746041128
40551 12.642574207822923
40583 9.324879473448528
40617 11.287062204844187
40643 6.891495245466198
40674 10.310736068226001
40704 9.214578448600296
40735 8.767703389679298
40766 8.67014413972665
40796 8.97080134858334
40826 8.655359906089
40853 8.430089224230256
40884 8.878147145734541
40912 7.711240118188352
40938 7.036885889875265
40967 9.376579450703556
41000 10.973249910704928
41040 12.769260374869878
41067 8.223552309152808
41102 11.517662843434035
41134 10.62978327435688
41179 15.07141079456138
41208 9.576467316688593
41249 12.295305812347367
41279 8.313136414306337
41312 9.578557729349598
41345 10.621439589137736
41387 12.47259199520549
41415 8.448811438744686
41444 8.962085182850196
41472 7.737709376068075
41501 9.407319230707976
41531 8.374374932610001
41560 9.453675238652337
41591 8.586512601241314
41625 10.007712935190591
41650 7.972899673672312
41679 9.395961386703814
41710 10.271941400602643
41747 10.770897131003037
41784 11.188959654669734
41817 9.97400787028538
41846 9.420254280006336
41888 13.291608989066702
41912 7.008188537149202
41942 9.597410602452765
41972 9.775470048960496
42006 9.705335680572599
42036 8.436012459409607
42063 8.317634077019484
42088 7.924964071803174
42120 9.881792446604958
42152 10.049770355762979
42179 6.9832182826580755
42211 9.187880346257282
42236 7.487945886125519
42261 6.742308059188233
42284 6.8256821345925855
42309 6.743308795655562
42339 7.905524611108879
42368 8.18390615491167
42392 7.5427628915644345
42418 8.282913767712497
42447 8.194561939638357
42478 8.792691529248119
42501 6.8788209919148136
42532 9.437962600524555
42565 9.063966607316775
42590 8.218295579024895
42618 8.949944332733807
42643 7.885314706695528
42667 7.26579754020654
42694 7.321740774701032
42727 10.246657286427258
42752 6.380663663499892
42777 7.905975589596886
42809 10.520424657401321
42836 6.957603750775943
42860 6.25366440740732
42883 5.443891196581074
42921 11.467983409487205
42946 7.5942538930091406
42975 8.979369211709951
43012 12.125817837430823
43043 8.310170247866992
43071 8.913315336945494
43102 8.32808124135831
43142 12.871608289132357
43169 8.185474046252954
43194 7.596449473905493
43229 11.597507662142347
43258 8.822287253602799
43287 7.554458830890239
43311 7.137729401183093
43341 9.63402651335955
43381 13.139274093031927
43417 10.588772021804466
43444 7.313879078588361
43483 10.962973355449794
43514 8.829102606717026
43547 9.291057093769762
43575 7.811685921616588
43602 7.26538643459779
43643 13.084092345731426
43676 9.299490167512783
43704 8.673197953217139
43728 7.227185904280879
43755 8.333829797529805
43782 7.032792760761209
43807 7.9685086057756225
43839 9.860554307631205
43863 7.379121129430078
43887 5.932864457123301
43914 8.535864040858383
43939 7.853843338892547
43975 10.037423494532549
44003 8.924678268002134
44027 7.05962559685753
44051 6.286407827012359
44080 9.226994638214258
44108 7.471066092643673
44139 9.441254485222059
44166 7.394892246046121
44200 9.817539056957303
44230 9.968074156557417
44263 9.577276744016933
44296 8.666940803374699
44322 8.179007633160102
44356 9.801810791826142
44403 13.131658774828306
44427 7.213254346934897
44459 8.548170500513072
44489 8.230462021690187
44516 8.611214703301133
44548 9.81703690973106
44574 8.12502897573217
44607 9.389503088438964
44636 8.168985143349927
44663 8.386098888393665
44697 12.176043870897827
44720 7.049007974726088
44746 7.0366884809971975
44770 7.61323617104701
44795 8.227576657063267
44828 9.232564754240121
44860 9.711418610646685
44891 9.758693816575294
44930 13.465285927211914
44960 8.530453407152732
44988 7.709870135976672
45019 10.545294606459139
45057 10.611179932304138
45085 7.627156776355058
45115 8.36410100002577
45148 11.645177720236079
45224 26.776128925615243
45251 8.599827203327182
45283 9.4012153109759
45319 10.531839144401602
45349 9.196507255569369
45388 12.826860732518565
45411 6.820625073995855
45436 6.231741479431436
45461 6.749994582605553
45490 8.04372736055059
45523 10.675639276986626
45561 12.568564755760198
45591 9.177272028676683
45625 10.65250042904967
45665 13.999172770101854
45693 8.974955714560853
45732 14.151052188211706
45760 7.704638323935095
45809 18.659434178582305
45836 8.471957597299525
45870 9.328153929080164
45901 8.805664196548566
45930 7.910266886421043
45956 8.330461230529265
45984 7.701833143809649
46033 18.310487103116195
46063 8.416911740967187
46091 8.617414920023602
46127 11.10355551038718
46161 10.763293395642291
46195 10.433214286041068
46229 10.298354254521987
46260 8.367685692122299
46290 9.648126173611212
46355 21.245099062686382
46385 9.400599366788143
46420 10.048860657622226
46458 11.980322581735962
46485 8.65796356463911
46517 9.426820984713212
46548 10.468063568180149
46605 21.225376038092765
46633 7.501936343154195
46662 9.51446817788019
46693 9.979126447575297
46734 14.467100819239535
46783 16.55615132665486
46816 9.728509544123167
46843 8.650277077240977
46871 9.153025430604831
46902 10.57560508766593
46941 11.107741853886145
46971 10.192222287996751
46999 8.540015915249562
47037 12.389647874366744
47067 9.7323433256104
47097 9.490877201111667
47129 8.803893416982861
47158 9.180447054328283
47200 12.438026798680216
47237 11.03468389673389
47274 11.991952366044679
47306 9.161014983551793
47338 9.321770236941562
47370 8.758380925162818
47412 14.437509554593507
47450 13.001398709499881
47489 12.552621040559812
47519 8.989702225418027
47565 17.43274951075798
47610 13.036816050519326
47648 11.183710854753052
47679 10.110231195036901
47723 15.161301186166774
47751 6.996620221343591
47795 15.609109271285039
47834 12.168127087732023
47871 13.102278564957857
47916 16.934088917244726
47948 10.064981799921217
47979 10.251512902243483
48022 15.512935723819465
48053 10.178839541757448
48086 9.191775766815853
48146 21.06364091530838
48192 16.24558011360156
48230 11.781183944808383
48271 13.833152244998738
48307 10.643758360859723
48335 7.576469183879624
48364 7.685039403650876
48387 6.840291117744534
48423 12.186119017436031
48456 11.089232442855296
48487 9.707074579484624
48529 12.723824490963581
48555 8.170253550146542
48616 26.571417938391082
48647 9.124049511975468
48676 9.317256216662624
48703 7.575649946999848
48739 11.221637067265261
48767 9.241326669991725
48797 9.663950100844522
48838 13.76213299729046
48867 9.238099533955538
48903 10.809281421725949
48934 8.850095315162399
48959 7.55824105065314
48997 11.893421651401347
49027 8.311814157252277
49066 11.168188914351088
49099 10.719546173995967
49134 10.080883752641718
49163 7.8691752968166
49194 10.193714384955506
49222 9.097862376932301
49261 11.500179378660503
49302 14.221182310668176
49342 12.809805472809636
49370 9.345344688662125
49401 8.395131646489105
49445 15.11095110431787
49478 11.583983977926449
49506 9.301710950703836
49555 14.067826499533004
49590 12.338277269574306
49645 22.201007650443696
49690 13.612576201328029
49724 9.997819492717932
49757 11.417560801800002
49784 8.61189084209673
49808 7.295485774289337
49873 20.993441336311143
49903 10.116458660195963
49940 13.110620639710737
49971 10.180132263154277
50041 20.127784045997604
50074 9.28631242109086
50106 10.603634996959768
50172 19.211744802999572
50214 14.498290461325041
50242 9.341364054330858
50272 9.38025479142211
50300 7.745576891464719
50344 13.822370264451
50369 7.9265715973416455
50400 10.122942650403527
50428 9.373356761271598
50459 10.282381161979616
50489 8.63612521046055
50517 8.595459800622393
50543 8.325495073186051
50582 13.712778742058976
50611 8.03049589958639
50642 10.510829540649633
50668 7.2105598438674114
50702 9.935085858352112
50749 17.122035192428765
50873 39.49218461864907
50901 9.15685445472905
50933 10.45842845951683
50964 8.252274395436293
50999 10.762227558713864
51037 12.946942066222935
51074 11.687074457389214
51107 10.683331241826096
51145 11.384152754654943
51176 10.256542174723595
51224 18.46177284265112
51253 8.302004357804064
51285 8.955658192153608
51325 13.120837054325806
51357 9.363873502314501
51388 9.161201111592291
51430 14.56470261479487
51480 17.965308606731764
51529 17.358807368830405
51569 14.87162407265654
51597 7.244535626004826
51630 11.145146060158433
51665 11.193065149276299
51699 11.652660210110444
51728 9.613090103986483
51757 9.347788478259828
51794 11.067728653115942
51827 10.95422470645315
51881 17.630387314581505
51910 9.145340326472702
51939 9.815594788197835
51964 7.574928888071563
51994 9.717847414669748
52023 9.613791036145543
52052 8.49843979224007
52081 9.27339714603458
52119 13.698860299057621
52152 8.993798543068598
52180 8.97886262492087
52229 14.779543973580097
52260 10.197665456651032
52300 11.435115092824736
52332 9.345754704756795
52366 10.324282318328814
52404 11.874866413189606
52449 14.736347926328554
52475 6.812467333176462
52517 12.205363785375301
52554 11.21391920170511
52587 9.138918777996844
52614 7.623623099726769
52641 8.973656384656113
52669 9.20563174320146
52713 14.334154310928932
52743 10.114991639695589
52770 7.6768800595428015
52810 14.093543508425041
52843 10.73121821068902
52889 15.373316585022692
52948 20.823223096934022
52982 10.288001031605488
53040 17.375865233704566
53076 10.886608028496148
53109 10.836120625901017
53147 12.941153007226468
53174 8.86446071502076
53209 12.026163141099715
53242 9.243317103038082
53270 7.758862231795497
53299 9.60259409507265
53336 11.941467188956926
53360 7.627127758061927
53388 8.912899104347199
53418 8.744783808586561
53448 9.488546532108726
53498 18.89127052817534
53537 10.902881230156098
53569 9.959193103729168
53593 6.337425243833496
53623 8.237571174306687
53659 12.031953079946696
53690 10.15085985423419
53728 12.911761967791275
53766 12.740744051366294
53792 8.217841264820219
53818 8.184894552714631
53857 12.40738944454105
53884 7.473918772755347
53916 10.484856527990027
53941 7.444139919693003
53975 9.736919823118985
54017 14.636733170966199
54064 15.842247664781913
54107 14.721418605381
54138 10.130687747131473
54185 15.642794755885486
54241 23.20794031592038
54283 14.277565410980781
54307 7.691635426015572
54337 9.73307821277483
54367 10.115337773182945
54402 10.877937258730864
54445 15.466661997290664
54482 10.81324729298098
54512 8.401249996478779
54543 8.898555721702733
54573 9.895199054577917
54604 9.541547593547193
54643 11.418230065262726
54671 9.176101443584072
54708 13.55382145836101
54746 12.715141149575595
54776 8.227448078044285
54804 9.04291389412953
54842 10.847224122860496
54875 11.17704507450842
54915 12.855972736587663
54969 17.17343786884334
55002 10.776391877745741
55033 10.53646314342322
55071 10.27032873634266
55096 7.431814523230734
55125 9.608822434763889
55154 8.26477548381791
55181 8.479774640296382
55211 9.867002989336692
55242 9.085109851731895
55284 14.591467884196833
55319 10.624524994243263
55369 15.063706084274525
55399 9.995325111079351
55427 9.209076121457006
55455 8.835269560880263
55495 13.116943667604964
55540 16.200178191046554
55569 8.29503345684283
55642 33.96688599118431
55673 10.485620182685125
55705 9.380510558956773
55740 10.312178677490026
55773 9.7427458838506
55824 19.32085194581049
55869 14.00621050423998
55901 10.394900715508824
55934 11.153411717334144
55964 9.28541896254569
55994 8.724181361653546
56048 20.76537591422631
56077 9.030493021009816
56118 13.849934440156686
56148 8.524909971027293
56182 11.106166308501429
56211 9.690843264007572
56248 12.121867113282878
56294 14.63700375965732
56324 8.549676444876878
56360 10.70530413162592
56417 15.932634375092778
56447 10.272611402166355
56505 23.368689984831615
56532 8.67143928605374
56557 6.136957321728621
56584 8.640291268278187
56623 13.483740914666878
56657 10.546580544617404
56696 12.942480173420345
56732 11.614418607272274
56779 16.48257883787177
56815 11.539660239036737
56843 9.231676231360579
56882 12.02716277059153
56912 8.471177604271027
56941 9.05628717966412
56986 15.879805228340022
57018 8.988433957681982
57047 7.707650321027284
57085 13.558451216785958
57115 9.264286878350008
57149 11.161239960400735
57181 8.630041927371774
57218 12.849589597593214
57248 10.175967368505585
57280 9.326608607920093
57316 11.555716821978276
57372 21.514019500759478
57401 8.910207094637833
57440 13.702003581343755
57469 9.635178902771532
57526 17.051441980855085
57559 11.20310621995148
57591 8.48909574049217
57631 13.02970108774717
57664 10.629874023464904
57695 8.921908448946473
57732 12.79405612526147
57762 9.700857490551584
57813 17.552940811301863
57842 8.961639688066223
57872 9.151502502639252
57921 15.647102334964437
57952 8.140811197168583
57986 11.321845329616512
58017 10.092434448775755
58061 13.89026746054747
58094 9.528915395846719
58124 9.900289895346548
58155 8.865208167074702
58183 8.637851968748532
58230 19.04163772566102
58270 12.258314125853657
58312 12.775225387415913
58342 9.698790260300255
58377 10.67745369120514
58420 14.890893961642252
58479 25.15385504756547
58517 13.926758884321835
58547 8.153889212656907
58582 9.681121259310116
58625 14.419613244763488
58661 10.337240772377942
58697 10.685195197134348
58732 10.343459018585435
58785 15.980233163429553
58819 10.736015137120686
58853 11.182429906459332
58885 9.529871040849592
58927 13.972465221171493
58967 13.818350350087757
59007 14.31024504901841
59048 15.47310128857203
59078 10.109558475292062
59109 9.119445870227146
59160 18.891041066757943
59189 7.33447722254132
59220 10.272391730692382
59272 16.69921752842575
59309 11.170445989679152
59348 12.845477879477789
59403 23.97801915475272
59433 9.660803918249519
59473 11.654040888198002
59507 10.911926428746856
59553 16.510049480480216
59582 9.833728339061878
59613 10.13548918777252
59642 8.912982925356085
59690 16.86279566475348
59721 10.06080261226915
59745 5.912462710306234
59779 10.617313641750593
59813 11.895619301239226
59838 7.5580983051509
59870 9.571624700256459
59910 12.8314687340004
59938 9.20301622519519
59972 11.5239237763349
60005 10.150432392074453
60039 11.507730627415427
60071 9.138717189373326
60105 11.704873401045983
60135 8.608456459222634
60167 9.28289525446836
60201 12.208369845020517
60231 8.603998163491307
60266 12.439765222858764
60310 12.852169736138546
60351 13.363252172139825
60396 17.539815150700328
60439 16.254237459724163
60467 7.924971277211851
60499 9.499716202138545
60531 9.446947712102956
60583 17.63728331057111
60620 12.559939970361832
60657 11.480113310532714
60702 17.002895689217393
60743 12.262653635990517
60776 9.887944050287462
60810 9.728621720169475
60850 14.391269409477955
60888 12.719561780149592
60936 18.324935104064913
60965 9.356682126525802
60991 6.690971554716041
61025 10.14055543605066
61072 16.778173826183412
61115 15.49547451583202
61153 12.716984135004134
61182 7.998496132136127
61221 13.8461216843963
61602 130.538117599843
61631 8.177369208987967
61676 16.910934820705013
61727 15.503711089438578
61772 17.025182498865817
61800 7.856826785132316
61833 8.902620308499746
61872 11.65581752270364
61898 7.968713720589651
61935 11.940032058110715
61966 8.18255211301653
62001 10.999395377004259
62036 10.524649305421967
62098 26.379067672338593
62134 12.050852774740495
62180 14.906748320328273
62211 10.330990849225898
62252 11.908171699861423
62278 6.912479745789152
62321 15.23856257798014
62352 8.454091775253703
62387 10.474197319574845
62429 13.153455294911883
62473 16.2737932909447
62511 11.978402917809172
62552 14.262798170957133
62590 13.00675630427854
62620 8.71141566461004
62671 18.893517268439513
62971 104.28528797991842
63002 9.057331714673326
63032 9.493413507521653
63086 17.042344254410935
63119 11.154650251951102
63156 11.283221004548688
63188 10.815241440055615
63220 10.786985608066356
63247 7.185832728501101
63277 9.498315942317227
63309 11.055000372472485
63342 11.283891579005425
63385 14.877749931636425
63428 13.330705550720547
63468 14.741724440762166
63504 12.962879347491777
63538 9.701191214830766
63565 7.5748595973297626
63628 24.36926512588792
63663 12.038049299431805
63688 7.937744342987059
63723 11.040452393588382
63764 13.400284247054103
63790 6.715177177174773
63827 13.22420525227135
63867 14.045133773417124
63911 17.39462227862077
63954 16.679698339008755
63992 13.721806727909968
64029 12.267158596538362
64058 9.16583382129177
64097 12.75207821275309
64133 12.848157509632916
64167 10.550288251525204
64201 11.489816667857275
64236 11.407219424188657
64272 12.360369831881416
64307 12.293216258804687
64353 13.868285833002409
64385 9.65017724915352
64413 7.727126036923195
64444 10.13289435103224
64495 17.944991420666494
64527 10.461576826347306
64557 9.80312649139351
64589 10.726559589011933
64632 14.1736568865517
64657 7.639110966181602
64691 11.533419650480292
64738 17.30347417100848
64792 21.76837837136059
64825 9.670026615826659
64851 6.692434168338834
64887 11.46502327055222
64924 13.220605620248152
64961 10.208346435872919
64990 7.77658671399052
65033 15.381858360516407
65065 9.270445836792256
65100 11.627869335363377
65144 15.67292910956926
65175 9.714821000501422
65209 9.892838765144685
65245 10.494476734988272
65298 22.909845446187205
65336 12.872808879342172
65373 12.756848467254677
65407 9.793963499132598
65440 10.233990391332842
65475 12.376324085448893
65500 6.394498705000301
65543 15.845678602175063
65588 16.590567074154002
65621 10.10815990603509
65662 13.433624338255001
65707 15.586197316224492
65733 8.451721495145792
65758 6.208195395683544
65797 12.16821726146082
65833 11.782364276714356
65873 13.116251191783526
65899 7.84028270160351
65936 12.54787356345428
65980 17.063269972992206
66013 10.831921889420087
66063 18.25140560322167
66091 7.397812934440417
66167 33.08348307922736
66195 9.128119184228767
66227 10.738048010041977
66271 14.819352657999888
66304 9.69392459756827
66336 10.780609518561459
66373 12.914788837618
66404 9.769018917786957
66439 12.113472793018733
66474 10.752875999226395
66505 9.014870928987419
66551 17.474466966736188
66594 14.391202494026558
66632 13.164192642844291
66680 17.18491828994865
66722 15.374096557717309
66751 8.688607845621398
66810 22.104389911465244
66852 14.030018159066255
66885 11.084913647473135
66924 12.479124354143655
66978 19.63437814562584
67017 12.643691004688137
67048 8.853542284367277
67089 12.137730407519996
67132 13.0431220216776
67178 17.394367167089232
67216 11.472162220268935
67256 11.243931653656183
67299 15.300344067474775
67341 13.869278869910401
67374 11.133564957624877
67400 7.846686968499576
67432 9.47367785921627
67462 8.170141805590935
67509 16.859216928931637
67542 9.671560770630432
67572 9.979169732025358
67619 17.533906083840606
67654 12.086723051013953
67685 8.807284226137009
67714 8.140765807246504
67741 8.322269363190408
67791 16.57960742630813
67839 15.923601451722043
67877 13.694803691457023
67908 9.86111432805549
67940 9.235979271426471
67976 12.835321616793832
68003 8.419438170443621
68040 11.80019476676029
68079 13.405202695373283
68130 19.48220077352626
68184 17.363545385487704
68222 12.891022405911444
68256 9.816435706704167
68299 14.438631129383104
68349 16.823959318117748
68382 9.593277204698758
68415 10.767184721913317
68446 10.85100384346845
68483 11.090445826448214
68512 9.355668895749352
68559 17.23758008901182
68593 11.512829991753373
68636 15.384106710766456
68714 28.85763248459807
68769 21.020030136584314
68806 13.221932567808846
68839 10.81051750062437
68879 13.795291390068698
68913 9.496198359191574
68949 10.651126874821326
68987 11.979061873792672
69024 11.353636720787637
69060 10.681671677493766
69091 10.352739942931988
69132 12.461270042617242
69172 14.266933829250622
69288 38.563493081146675
69335 18.17686022684181
69370 10.11573422278833
69415 15.91561589511321
69455 13.153522787648964
69491 10.867300318064185
69528 12.499479487314376
69567 13.62988664426323
69607 13.130948758697594
69650 14.788907846124802
69689 14.480146002025617
69716 8.252048159848819
69742 7.175615177183975
69776 9.877116701502516
69818 12.489339550822878
69852 9.885318760201923
69888 10.771111586216856
69922 10.640942575314941
69970 18.88440498267346
70015 16.60558988812806
70054 12.735100105825568
70091 10.544055061188484
70121 10.032893930194152
70150 9.419557039574698
70197 16.081711542428508
70232 12.356870039116417
70274 14.591408088996431
70306 10.612478962033961
70341 11.012289424407447
70378 12.62417470548461
70425 14.941018386340652
70461 11.826587758181741
70495 11.037966432008623
70525 9.26184767270641
70562 12.407694271035929
70591 9.099852275099021
70625 10.514849276857884
70657 9.114841088765443
70690 9.450300518163226
70722 10.499502852907696
70760 12.611561325851964
70804 14.70371178030248
70835 8.971656737524889
70876 13.728787261625712
70904 8.51367060687656
70936 11.132721847907447
71000 23.73545256811125
71025 6.332746111776693
71073 15.532654653732248
71112 14.411834239690375
71147 12.274086011994422
71183 10.309329567713865
71226 15.280309162946375
71254 8.75984774614628
71290 11.460112069745026
71337 16.64683294807103
71368 10.22201954464362
71413 15.1176821875618
71458 15.064529384887523
71495 12.04478839234585
71534 12.393184798659087
71583 17.65683924117126
71627 15.627150896560801
71662 12.407743072727374
71696 10.967147220395834
71730 11.945383153864043
71769 13.407699110334084
71808 14.210793357769274
71842 11.914905743050028
71885 14.491770994114512
71921 11.757569033985149
71955 9.889537723372175
71986 9.527387944703529
72024 12.249196383199703
72048 7.221126391118101
72075 8.46431698908437
72124 18.990098014495466
72159 10.946150993031335
72196 11.085479131832091
72235 12.288847153401665
72270 11.215739629191027
72305 10.23211174615477
72339 11.789606719601778
72372 10.08568339236449
72404 9.196946970885561
72436 10.690853338054314
72490 17.49098060667839
72521 10.354687779189867
72562 13.112414236286925
72596 11.545127792478104
72631 11.036335904938015
72661 9.793929796306417
72694 11.636751242543358
72728 11.974634486262701
72767 14.092401078612031
72809 15.33773301548366
72863 21.335735628666324
72912 18.61085172786654
72943 8.148343474452531
72981 13.728855111313358
73015 9.819280410614793
73046 10.892248407569795
73101 22.202417403958822
73126 7.4899827533339005
73158 10.721265634050058
73187 7.825336668927095
73216 8.04976531732135
73255 12.513280817641906
73283 9.068210630527716
73333 18.210835753770013
73379 15.394733096103725
73412 10.111304179241007
73438 6.6075373873099705
73472 11.965260445074339
73522 18.84034230825192
73573 14.88940133990354
73651 30.618781765523075
73680 8.434193910805805
73730 19.85460448012053
73778 18.250872766233854
73814 10.41065608692804
73860 16.1042863346158
73895 11.045821587044317
73928 9.534232063587343
73964 11.83049254200307
74019 19.621025598193132
74063 14.61304515326929
74102 14.216613741286542
74139 10.795321251028701
74177 13.56435749869652
74215 12.424967929018408
74255 13.715367594458888
74287 11.154115203463267
74324 12.329033703013877
74360 12.789512961405649
74394 11.772847639149061
74427 11.42381246094385
74465 14.175835608733783
74496 9.287916550272216
74529 9.662121399903222
74563 10.584675084790215
74589 7.895636664911853
74632 15.633593021163433
74670 12.217681228101847
74708 13.490280341259682
74746 13.725267537968845
74786 14.323703271664652
74821 10.801397467847906
74856 11.702942651632277
74896 13.670886577331046
74930 12.04220366533826
74966 12.908746169437014
75028 19.95066429649459
75065 13.7069338881406
75109 15.569356525940726
75144 11.105087231126427
75175 10.338488580133616
75217 13.874666298484552
75262 17.806070983921163
75311 16.718428137449195
75342 10.791968631339833
75373 9.277942657068245
75408 9.934876571813051
75438 8.757944505495747
75466 9.224858892748205
75497 8.893973918974428
75534 11.912034473375034
75567 9.68103336577823
75607 12.833984060808831
75645 13.08020359103981
75743 32.784272425248304
75787 15.798834872532481
75832 14.82215650776191
75869 13.343008533066412
75902 10.112923144116015
75942 13.324578903400548
75994 21.07429214660158
76026 10.920423637615885
76067 12.260701663750584
76097 8.704973666667073
76126 8.415064785562695
76155 9.666307923256113
76200 15.817564979428596
76231 8.747049222474379
76266 11.977765719125182
76301 10.888594801993587
76340 12.682846178278709
76378 13.655833088757971
76415 13.6346736953631
76452 11.77628854768727
76484 9.107295699780066
76520 11.608360746077658
76553 10.348281781062104
76580 7.390786714940823
76618 12.491255387253288
76658 13.894613151405778
76728 37.02715608141116
76755 8.569020486569258
76789 10.593441250199952
76820 9.041245615507446
76857 13.291864421812853
76905 16.964527038578353
76934 8.393096857009034
76987 18.65050008954736
77073 30.809069818475944
77104 10.198173335343592
77138 11.616807517487466
77173 11.659350723143161
77208 10.81765975046395
77246 13.788809124402142
77280 9.890450483653243
77319 14.263086867706255
77350 10.333708066960895
77378 7.916983823531908
77415 12.903463806237069
77445 9.695846529141189
77478 9.248908447392356
77508 8.82152541179299
77566 18.589482006899345
77596 9.056717893996932
77634 11.245100347384177
77671 12.536341181557567
77715 14.739688671927734
77746 8.988226011743038
77776 10.0355520969496
77810 11.964122554173768
77840 8.547010456537667
77872 10.830467487031408
77918 19.192855568019787
77950 10.813057598601572
77980 9.55019478901141
78019 13.699031160328689
78050 10.316379255336146
78097 15.78569127322165
78130 10.238620537392544
78175 14.150791971752716
78207 10.451986506753268
78244 12.613442153293665
78345 48.548758699054375
78373 7.911871654503134
78403 9.744136400881551
78436 10.969756872452999
78469 11.12873269793328
78512 16.479030433781674
78547 12.405738385050617
78592 16.94909732410624
78618 6.653965713045474
78653 11.635293659772834
78682 8.899148753355348
78714 8.456051734508945
78739 7.5457700891876
78784 17.20188947986187
78824 11.379139616473415
78851 8.35430100862452
78903 15.512757123889482
78939 11.631937640514414
78983 16.71155400584021
79035 19.97963329087535
79065 8.818919901413915
79093 7.969264657459339
79119 7.148576136456077
79150 9.074340375234298
79174 7.08534442330917
79200 6.713338276171697
79227 8.060141541424585
79254 7.485638766810126
79307 20.22929947915595
79337 10.366918535862343
79376 12.659719240429359
79423 15.444666288326196
79461 12.281019984357817
79493 10.621811545355287
79561 20.60859176314441
79610 18.534138385173208
79640 8.790059903219282
79678 10.537795342386358
79712 10.538033693457761
79748 12.689960344162499
79783 12.360106994376931
79812 9.937065688322667
79846 10.843773472775574
79882 12.856122763973955
79914 9.413262489503971
79961 15.902728958635869
79997 11.802232672589833
80030 11.566305750874296
80078 17.702867448993572
80108 9.781603947322832
80167 23.129920373966808
80199 10.22410255682206
80242 16.795266945004357
80307 22.951230563181166
80337 8.996239439168283
80375 11.291221345778094
80411 10.285451883310108
80445 10.64751063879627
80493 18.52623212199763
80522 8.220415809890325
80552 8.884431443095854
80599 15.345657433054289
80628 8.520681918666368
80679 20.941068148920024
80713 10.660400393418863
80757 15.91000408605241
80801 16.2606373740848
80830 8.339150732692909
80869 13.179604238726506
80897 9.096003880963451
80934 13.264366270784778
80977 15.677774994733024
81029 20.28032734874491
81060 9.188831278192074
81091 10.212489785360738
81125 9.940644722445452
81160 11.800945844351657
81186 6.960707140780721
81229 15.820142283862808
81271 14.270395241452507
81302 9.03143063231975
81334 9.946332613358512
81365 10.384722156189419
81394 8.77049856777013
81433 12.757547374425448
81470 13.473970087604824
81496 7.157947431358487
81525 9.686362749577864
81565 14.560007707752362
81601 9.759307521775138
81629 7.313134215912614
81660 9.221114016415584
81707 17.798773712407677
81744 13.20992558654115
81781 12.278625501992607
81810 8.024252113482236
81868 19.384432904367873
81914 18.538238317751166
81968 16.540314182222076
81998 8.722883336903505
82046 16.97588445839016
82088 15.790622788952366
82126 13.405630036133116
82184 19.335864902130595
82216 9.684643864661577
82241 7.5409374066853205
82276 11.825561909143024
82317 12.3731759314206
82351 10.736016608956405
82393 14.20379578650173
82433 15.137605517482152
82471 12.490473878089983
82501 8.236159889260149
82537 11.400757210193545
82573 12.905165911321697
82611 12.005726406554267
82646 10.200352536364393
82674 7.877667986340409
82705 9.427971203931666
82736 8.897249434400006
82760 5.935400191036778
82795 12.337976162062766
82838 16.53768994924838
82863 6.327430234285282
82908 16.277253230927467
82951 16.50031130672139
82999 17.572793433243294
83044 16.813301322225882
83074 10.345102071522653
83106 9.822999406769679
83147 13.74777748491733
83191 14.239201110654044
83220 9.850801282517699
83250 8.344223956707106
83286 12.804051957987264
83317 9.037270202656773
83363 16.485711513973566
83399 10.388278256049674
83445 16.248893415320175
83470 6.316616907350304
83512 15.963421917091546
83544 11.20425013469023
83591 17.097206839909877
83630 14.117654849786124
83660 9.76583103526451
83701 14.51706761224964
83749 16.023772688670235
83798 19.356036027301695
83837 14.00142227267079
83861 7.292543891473655
83892 9.146676441482274
83935 15.48196359194359
83968 11.523233301328943
84013 16.297604849524582
84044 10.743950378219042
84082 11.031911492287497
84113 8.63068759255182
84141 8.422204786873218
84189 17.422393553359232
84217 7.5084683005954
84252 9.676429460000133
84301 17.955697755797672
84325 7.176181652973867
84386 24.787490481274148
84416 9.298871090815213
84460 15.54142076653222
84487 8.266697621855654
84553 26.093704215149394
84590 10.891840467699138
84635 14.466660121674018
84687 16.920641635677143
84711 7.576286245573341
84738 8.875245339149307
84772 9.789669371458581
84798 7.729371740868662
84839 13.425280316089847
84878 12.149143079187825
84939 25.29836787564036
84971 8.917894616717826
85013 13.621473284578972
85065 20.450338566751704
85095 9.873960957631711
85131 11.494938360071274
85179 18.2647994967717
85215 11.216912811656252
85251 11.336518768585314
85282 10.719790876763502
85313 10.739465541191706
85367 20.484044306448727
85405 12.263521116690612
85435 8.95141069207744
85468 10.232257260528115
85499 10.136148288137822
85534 12.546275414184873
85579 17.115383042121554
85615 12.652068527091775
85648 11.007345561935734
85682 11.557487681812733
85725 14.054279532135661
85757 10.768679174731028
85794 11.507366582233082
85841 18.28336240458191
85885 14.810940215299008
85951 24.807932820220135
85984 11.616783311357187
86025 14.927349451367114
86060 12.43810603649247
86090 9.897327568312535
86133 14.00857513257434
86182 17.004386875388914
86224 14.649726090216639
86272 16.4393815714606
86312 14.10484466523213
86366 21.819528263254906
86414 16.336722398952745
86466 17.74339687290616
86513 14.934801383503629
86553 14.605153045471651
86582 8.221902503020077
86659 32.44644381295066
86699 13.222801048527472
86728 8.085196115131446
86780 19.08580025986892
86813 11.58461306562918
86846 9.722124606538385
86895 17.391863388770076
86943 15.598705845951606
87000 21.381472889719003
87029 9.146045924069584
87073 16.764998620350884
87116 15.116671465595996
87151 10.938064500420431
87185 10.612326916355476
87225 14.396478427132992
87259 10.655266857705941
87294 11.830349634003307
87325 10.097348244217411
87357 11.204494946607412
87390 9.755074097712756
87424 11.851173104693727
87470 15.926860107973368
87505 12.143101149138959
87537 10.7625265544957
87592 21.129233507398265
87656 22.005982974365534
87692 12.380006839033948
87731 12.681206640750968
87765 12.004512117315379
87797 11.192448730719514
87841 16.98138556789677
87893 19.026115454496388
87941 18.566193497667225
87972 10.527272429336227
88013 12.987559180712987
88056 13.759585549771241
88084 8.942930360112777
88112 8.723411196357235
88148 12.74085399485643
88188 14.659678061483946
88240 19.02792151642945
88269 9.732541664938582
88295 8.015120218419097
88327 10.720591315300867
88365 13.990144563293772
88402 11.882959959712212
88439 12.88598254929088
88492 20.757724710014017
88522 9.885459103475457
88556 11.792315789590031
88600 16.03503596667546
88626 6.780426202932946
88660 11.796129615703695
88699 12.293011610577183
88726 7.280998706581904
88770 13.940839608610732
88795 6.392137433578356
88831 12.495453972738426
88873 15.320496580447694
88903 10.047785840793022
88933 9.991303961340993
88989 19.11065329492887
89072 31.204359965105965
89110 11.242542157976189
89142 11.188132174687468
89189 16.30239887718403
89242 18.784008692488232
89277 10.677166383523296
89315 13.685804317524676
89350 11.059966765524573
89383 9.584661321573014
89415 11.15667452796465
89450 12.356251399106041
89489 12.757934729554213
89532 15.754998981565661
89565 9.778814168451328
89603 13.689900779633929
89639 12.771049544576254
89696 22.994349857206718
89729 10.232602369769095
89756 8.426222712983124
89802 17.24474560237654
89854 20.778237159210978
89890 12.822625417393503
89930 13.920741840577866
89965 10.517693009926257
89998 11.660602317271518
90033 11.04825633151127
90075 15.268417948828978
90110 12.35264233258713
90153 14.65660640974012
90192 14.047144695169449
90248 21.688286674666806
90288 13.944791851270391
90324 11.4822574153859
90364 14.399055282766309
90402 13.651357241588368
90438 12.626647207673914
90497 20.887015208960083
90544 16.86064704680267
90577 11.702219769478067
90607 10.323971391871142
90640 10.199666496189428
90676 11.063821437876705
90704 8.844117727915341
90733 9.560074380035394
90775 13.722662543253916
90810 12.341898939666823
90850 12.900238059565904
90901 18.298911980279325
90931 8.904364236078958
90978 16.738194750644823
91016 13.169152185850074
91048 9.437719757625269
91080 11.23023374350108
91126 16.585404877194293
91173 17.95671806754319
91221 17.437721667917362
91271 18.209625632997273
91303 11.100322120178035
91344 14.574125493292994
91395 19.455187162518982
91437 15.229701747500576
91469 11.186658924838829
91527 22.430729586582668
91556 7.943658291851346
91592 12.835932956013806
91632 13.15252856451321
91665 11.56064934371286
91712 17.21544627018103
91754 15.299881785157979
91804 19.745333430251787
91836 11.167362978801583
91861 7.6717045543045534
91909 17.232385913313408
91948 14.039730787315834
91980 11.250931483836064
92022 14.501124792234071
92051 9.406181141538264
92089 13.151887271845455
92138 18.083701706030766
92172 11.964259499207245
92202 8.48288216600696
92259 22.926888335026337
92292 10.032760826033009
92326 10.1690381391039
92356 10.088771110818849
92391 10.670739655542409
92422 9.246960773373301
92465 15.05895066953637
92512 15.966332141580398
92549 13.201745651618126
92597 17.175301318182044
92626 9.443240218427716
92658 11.169600683373377
92695 12.987594784911472
92731 11.448047239399235
92801 26.49642455535274
92857 20.284761679649407
92896 14.11974837582288
92928 11.200271730544824
92958 10.045650870093002
92998 12.797626971580419
93038 13.129664893903614
93075 13.139145271409298
93113 11.933119524355075
93143 8.69715095321134
93194 17.787128927275894
93228 11.578840137523603
93281 18.831042969649868
93314 9.67328039744968
93372 23.0000788359663
93429 22.66406543582674
93504 29.32678558215313
93559 20.36885339935303
93591 11.24023573107213
93621 9.833314322491885
93652 9.006528276439772
93683 9.301570287372188
93727 16.1866847774009
93765 11.74279016161021
93798 9.998598642827467
93837 13.81511950848305
93879 13.682819287752274
93931 19.046142989145494
93977 14.821311342732821
94010 10.226539778493503
94035 7.699114503003033
94065 8.794772378883593
94098 10.19967474162118
94146 17.882516097224098
94213 26.134017671383475
94252 12.684096401568546
94289 10.612510301807783
94320 9.21443888733692
94380 22.325602125743394
94425 16.5486503433049
94454 7.955355936830381
94484 10.083888842749891
94513 9.556727390538146
94559 16.086190865999985
94594 10.6281019193026
94632 13.509087298090067
94658 8.032629293461236
94700 13.713590622979835
94734 11.988191659450763
94782 18.873054282966365
94827 15.793472434646691
94878 20.072834260626973
94917 12.482800199075761
94947 9.86980054274834
94994 15.530765751098034
95029 11.62924191235195
95067 11.957374456761325
95107 12.70018444302967
95149 13.625901534159752
95198 18.540085871298917
95231 10.21314216283684
95262 9.31752190366137
95300 11.89987048787137
95327 7.244267487593371
95366 13.712801965105944
95414 18.90500950765859
95445 10.648765961246907
95471 6.864377050106196
95520 19.229155804840754
95572 20.142649903706676
95610 13.634374493449991
95642 9.457224840194234
95677 10.484060005259698
95708 9.21976461903234
95757 19.0867615279243
95837 30.733281817559604
95876 12.148531131926065
95916 12.751594552865257
95953 12.803688299302843
96010 22.115820894367918
96040 10.11139815063355
96089 18.63663689589643
96148 20.089025883303435
96194 17.36226130656719
96256 25.00553851175766
96318 22.90071440185325
96354 12.781014411955285
96388 10.21391229668929
96418 10.100130538721526
96456 12.041531120263057
96510 19.85409757480291
96552 14.978292528923834
96599 16.685563912307313
96633 9.826041685818518
96685 20.516313096605394
96717 11.210562875936692
96752 12.406668432033365
96802 19.430325365135165
96841 12.729571268233926
96894 19.014854535474587
96924 8.541710393080628
96973 18.680708660017622
97015 14.94286265491804
97050 12.437974630266877
97086 10.742641535655572
97123 13.120704266054723
97161 11.73059737766732
97191 10.118337631912832
97224 11.167445371343904
97253 9.590004123993122
97284 9.22848845795735
97318 11.966070110158476
97347 9.779885681037209
97393 17.267929278629687
97432 12.360850358189355
97468 12.959163485627315
97510 15.426424710363257
97563 21.004409653005098
97595 9.508369524314613
97633 13.628132396213877
97667 10.618393877737065
97699 9.774438617945947
97743 15.726447174195926
97775 10.640360714934522
97817 13.338996730488685
97847 8.298761186862626
97880 10.207654558447485
97921 13.211531738683455
97954 9.530728707251209
97989 12.227370020409378
98043 17.855182973002496
98091 17.044868183645228
98136 15.737887928176548
98228 32.29286877448239
98272 17.06021233273601
98312 13.00526082188144
98346 11.72536828083661
98396 18.763812785495144
98436 15.075244486146596
98472 11.28997039562573
98509 13.244567362461208
98548 12.270457180069492
98574 7.905414613153382
98615 14.772083030742623
98661 16.549658318230154
98705 16.657355642689584
98743 13.64869114394622
98777 11.670612543176945
98802 6.329964444340349
98846 14.670977251155117
98890 16.740585144034274
98936 17.25866730205308
98979 14.47209699483413
99032 22.09696001756305
99082 19.39683670999764
99122 14.486620822502115
99152 10.093757439336276
99217 21.66872613819812
99269 19.879064717007633
99322 21.318608455483105
99380 22.003127525168413
99407 7.066653592192791
99453 16.7489847021042
99483 8.45015682757752
99514 10.60275196335061
99556 16.3140470360819
99601 17.34038995309869
99641 14.115979823653056
99678 12.435230113636806
99708 8.71640532417922
99741 11.258994436535742
99793 20.315392049990106
99851 20.545877439932838
99967 46.12677595383791
