nb_step episode_reward
130 110.0
260 108.0
393 113.0
521 106.0
659 118.0
791 112.0
914 101.0
1063 129.0
1193 110.0
1321 108.0
1450 109.0
1579 109.0
1714 113.0
1847 111.0
1988 121.0
2131 123.0
2274 123.0
2449 155.0
2573 102.0
2738 143.0
2860 102.0
2990 110.0
3125 115.0
3254 109.0
3393 119.0
3520 107.0
3666 124.0
3828 142.0
3992 144.0
4138 126.0
4299 141.0
4424 105.0
4551 107.0
4674 103.0
5058 364.0
5228 148.0
5349 99.0
5474 103.0
5614 120.0
5763 129.0
5959 176.0
6112 131.0
6267 135.0
6398 109.0
6563 145.0
6702 119.0
6845 123.0
6987 122.0
7105 98.0
8262 1135.0
8406 124.0
8536 110.0
8945 389.0
9075 110.0
9214 119.0
9332 96.0
9462 110.0
9593 111.0
9728 115.0
9853 103.0
10014 139.0
10142 108.0
10278 114.0
10405 107.0
10538 113.0
10667 107.0
11083 396.0
11206 103.0
11331 105.0
11471 120.0
11603 112.0
11730 107.0
11859 109.0
11998 117.0
12128 110.0
12582 434.0
12716 114.0
12845 109.0
12969 104.0
13107 118.0
13230 101.0
13371 121.0
13506 115.0
13638 112.0
13771 113.0
13907 114.0
14030 101.0
14175 125.0
14311 116.0
14451 120.0
14584 113.0
14707 103.0
14839 112.0
14965 106.0
15092 107.0
15217 105.0
15339 100.0
15466 107.0
15589 103.0
15719 110.0
15851 110.0
15998 125.0
16125 105.0
16247 102.0
16387 120.0
16516 107.0
16661 125.0
16786 105.0
16904 98.0
17038 114.0
17175 115.0
17300 105.0
17434 114.0
17557 103.0
17683 106.0
17814 109.0
17941 105.0
18077 114.0
18202 103.0
18322 100.0
18453 111.0
18595 120.0
18728 113.0
18873 125.0
19010 115.0
19144 114.0
19271 105.0
19395 102.0
19519 104.0
19655 116.0
19778 101.0
19904 106.0
20039 115.0
20166 107.0
20289 103.0
20415 106.0
20541 104.0
20663 102.0
20789 106.0
20911 102.0
21036 105.0
21157 101.0
21280 103.0
21407 105.0
21530 103.0
21653 101.0
21771 98.0
21898 107.0
22017 99.0
22138 101.0
22262 104.0
22384 100.0
22506 102.0
22628 100.0
22752 104.0
22869 97.0
22991 102.0
23112 101.0
23234 102.0
23351 95.0
23470 99.0
23587 97.0
23702 95.0
23818 96.0
23937 99.0
24053 96.0
24171 96.0
24289 98.0
24404 93.0
24522 98.0
24638 96.0
24752 94.0
24866 94.0
24981 95.0
25095 94.0
25209 94.0
25324 95.0
25438 94.0
25552 92.0
25668 96.0
25781 93.0
25894 93.0
26007 93.0
26121 94.0
26235 92.0
26348 93.0
26462 94.0
26576 92.0
26689 93.0
26802 93.0
26915 93.0
27028 93.0
27141 93.0
27254 93.0
27367 93.0
27480 93.0
27593 93.0
27706 93.0
27819 93.0
27933 92.0
28046 93.0
28159 93.0
28272 93.0
28385 93.0
28498 93.0
28611 93.0
28724 93.0
28837 93.0
28950 93.0
29063 93.0
29177 94.0
29290 93.0
29403 93.0
29516 93.0
29630 92.0
29743 93.0
29856 93.0
29969 93.0
30082 93.0
30195 93.0
30308 93.0
30421 93.0
30534 93.0
30648 94.0
30762 94.0
30875 93.0
30989 92.0
31103 94.0
31216 93.0
31330 94.0
31443 93.0
31556 93.0
31669 93.0
31782 93.0
31895 93.0
32008 93.0
32121 93.0
32235 94.0
32349 94.0
32462 93.0
32575 93.0
32688 93.0
32801 93.0
32914 93.0
33027 93.0
33140 93.0
33253 93.0
33367 94.0
33480 93.0
33593 93.0
33707 92.0
33820 93.0
33935 95.0
34048 93.0
34161 93.0
34274 93.0
34389 95.0
34502 93.0
34617 93.0
34733 96.0
34847 94.0
34961 92.0
35076 95.0
35190 92.0
35305 95.0
35419 92.0
35534 95.0
35647 93.0
35761 94.0
35878 97.0
35992 94.0
36107 95.0
36221 94.0
36336 93.0
36449 93.0
36564 93.0
36680 96.0
36800 98.0
36917 97.0
37033 96.0
37148 93.0
37265 95.0
37382 97.0
37497 95.0
37616 99.0
37731 95.0
37845 94.0
37960 93.0
38076 96.0
38196 98.0
38313 97.0
38429 96.0
38545 96.0
38660 95.0
38782 100.0
38896 94.0
39011 95.0
39129 96.0
39243 92.0
39358 95.0
39474 94.0
39589 93.0
39704 95.0
39819 95.0
39934 95.0
40052 96.0
40168 96.0
40283 93.0
40399 96.0
40514 95.0
40645 109.0
40762 97.0
40877 93.0
40992 95.0
41108 96.0
41223 95.0
41338 95.0
41453 95.0
41568 93.0
41684 96.0
41798 92.0
41912 94.0
42028 96.0
42143 95.0
42257 94.0
42375 98.0
42490 93.0
42604 94.0
42717 93.0
42832 93.0
42946 94.0
43061 93.0
43176 95.0
43292 96.0
43405 93.0
43521 96.0
43637 94.0
43753 96.0
43868 93.0
43983 95.0
44096 93.0
44213 95.0
44329 96.0
44455 104.0
44571 94.0
44684 93.0
44800 96.0
44914 94.0
45029 95.0
45144 95.0
45259 95.0
45374 93.0
45488 94.0
45610 100.0
45725 93.0
45840 93.0
45957 95.0
46073 96.0
46189 96.0
46308 97.0
46423 95.0
46536 93.0
46651 93.0
46765 94.0
46880 93.0
46997 97.0
47114 97.0
47230 96.0
47346 94.0
47462 96.0
47576 92.0
47691 95.0
47807 96.0
47923 96.0
48039 94.0
48153 94.0
48268 93.0
48382 94.0
48496 94.0
48612 96.0
48728 96.0
48842 94.0
48957 95.0
49073 94.0
49191 96.0
49306 95.0
49425 99.0
49546 101.0
49666 98.0
49780 94.0
49895 95.0
50010 93.0
50124 94.0
50239 95.0
50353 94.0
50467 94.0
50582 95.0
50696 94.0
50812 96.0
50928 96.0
51042 92.0
51156 94.0
51269 93.0
51385 94.0
51498 93.0
51616 98.0
51732 96.0
51846 92.0
51961 95.0
52076 93.0
52189 93.0
52303 92.0
52418 93.0
52533 95.0
52648 95.0
52764 96.0
52878 94.0
52992 94.0
53106 94.0
53221 93.0
53335 94.0
53452 97.0
53570 98.0
53684 94.0
53800 96.0
53914 94.0
54028 94.0
54143 93.0
54257 92.0
54374 97.0
54488 92.0
54602 92.0
54718 96.0
54833 93.0
54951 96.0
55066 93.0
55181 93.0
55297 96.0
55411 94.0
55527 96.0
55641 94.0
55757 94.0
55871 94.0
55985 94.0
56100 95.0
56214 92.0
56328 94.0
56442 92.0
56557 93.0
56675 98.0
56790 95.0
56906 96.0
57021 95.0
57135 94.0
57249 94.0
57364 95.0
57480 96.0
57596 96.0
57711 93.0
57829 98.0
57946 95.0
58065 99.0
58181 96.0
58298 97.0
58415 97.0
58530 95.0
58646 96.0
58765 99.0
58880 95.0
58996 96.0
59111 93.0
59228 97.0
59345 97.0
59467 102.0
59581 92.0
59702 101.0
59816 94.0
59932 94.0
60048 94.0
60162 92.0
60276 94.0
60392 96.0
60510 98.0
60629 99.0
60764 115.0
60880 96.0
61007 107.0
61122 93.0
61237 95.0
61352 95.0
61466 94.0
61590 104.0
61705 93.0
61821 96.0
61936 93.0
62051 93.0
62166 93.0
62282 94.0
62398 96.0
62514 94.0
62628 94.0
62743 93.0
62856 93.0
62980 104.0
63095 95.0
63208 93.0
63323 95.0
63439 96.0
63555 96.0
63671 96.0
63785 94.0
63900 93.0
64017 95.0
64132 95.0
64246 92.0
64360 92.0
64474 94.0
64597 103.0
64716 99.0
64832 96.0
64949 97.0
65065 96.0
65181 96.0
65298 97.0
65414 96.0
65528 92.0
65642 94.0
65759 97.0
65875 96.0
65991 96.0
66104 93.0
66220 96.0
66334 94.0
66449 93.0
66564 95.0
66677 93.0
66792 95.0
66907 95.0
67022 95.0
67137 95.0
67254 97.0
67368 94.0
67483 95.0
67600 97.0
67714 94.0
67830 94.0
67944 94.0
68061 95.0
68176 93.0
68297 99.0
68412 95.0
68528 94.0
68642 92.0
68757 95.0
68872 95.0
68985 93.0
69100 95.0
69214 92.0
69329 95.0
69443 94.0
69557 92.0
69671 92.0
69785 94.0
69899 94.0
70012 93.0
70126 92.0
70243 95.0
70356 93.0
70471 93.0
70585 94.0
70700 93.0
70814 94.0
70932 96.0
71049 97.0
71163 94.0
71277 94.0
71394 97.0
71509 95.0
71624 95.0
71738 94.0
71854 94.0
71968 94.0
72082 94.0
72198 96.0
72312 94.0
72426 94.0
72540 94.0
72656 94.0
72771 95.0
72885 94.0
73000 95.0
73115 95.0
73230 93.0
73345 93.0
73460 95.0
73573 93.0
73688 93.0
73802 94.0
73916 94.0
74032 94.0
74145 93.0
74260 93.0
74375 95.0
74493 98.0
74607 94.0
