23 -200017.24641341568
52 -100023.21745061353
71 -100014.95389699758
87 -200011.5935324377
115 -200021.23379532553
138 -200017.33853100333
167 -200022.0046392209
422 -300222.29361124616
922 -421.67626116904785
1137 -300180.73504103406
1637 -422.49990365866097
2137 -426.53477455618145
2637 -433.43066519184407
3137 -427.4250283026025
3324 -300152.24782812165
3761 -300370.506336127
4261 -421.0799466243717
4761 -436.1094050799383
5261 -426.6043487260882
5761 -436.21466582966366
5780 -300013.1382816461
6280 -436.78607992242814
6780 -436.6851200313539
7169 -100329.46335241826
7669 -424.9352663202623
8169 -428.23579552475036
8297 -300107.0847750731
8797 -413.20911091466934
9297 -415.9466511249705
9797 -409.4442394659527
10297 -406.54768527959965
10797 -418.6954728945387
10963 -300135.7181755083
11463 -416.47993339544564
11963 -443.3218035895075
12463 -415.877604770064
12963 -408.48968257244894
13463 -439.5728494256466
13963 -426.1926562536535
14463 -441.1840513208571
14861 -300347.51443401433
15361 -429.3583502473044
15861 -417.00057796552596
15952 -400072.39730427717
16452 -420.07563667259217
16952 -422.1521442077174
17452 -441.0676034694183
17816 -400296.9239303715
17836 -300014.01065170544
18336 -408.5149405758698
18836 -422.6329928455549
19336 -430.80889866897945
19836 -416.77700663243365
19861 -200018.60362882522
20361 -419.7527696824952
20861 -423.7395979337519
21117 -300217.0996119075
21617 -421.29395276603884
21876 -300210.2783802114
21896 -300014.0967425589
22396 -404.9596363689931
22612 -400176.18982654664
23112 -409.26685002371045
23612 -442.5384486512783
24112 -406.32528299086243
24612 -408.5149405758698
25112 -405.53714207640974
25145 -27.696547810616284
25645 -410.5051658317624
26145 -408.54995827228606
26280 -400108.976314074
26480 -200171.9039958611
26980 -437.46931824785196
27480 -415.306172685588
27695 -400175.18022341584
28195 -418.19055453517745
28215 -300014.0377628644
28715 -411.81126180226016
29215 -431.93327644051806
29715 -412.27131749558583
30215 -411.1940640811038
30715 -406.33103946351486
31215 -416.11210488806205
31598 -300333.043295664
31618 -300014.02602508006
32118 -409.05113618868006
32135 -300011.5207846452
32635 -409.78091121010505
32879 -500197.2732491508
33379 -443.5334528153482
33879 -416.02723882802303
34379 -444.3751318721083
34879 -417.0310342716612
35379 -428.881795714941
35879 -439.1902854970545
36379 -428.13680665122433
36879 -410.5484324840454
36903 -300017.2263924526
37038 -300109.3303734225
37537 -100440.9177220969
38037 -408.8348592536246
38537 -419.3087989669234
38717 -400151.9908956216
39217 -427.3832101961888
39247 -24.218534797015366
39747 -437.87675336099323
40247 -430.6533225985672
40747 -451.60745549523926
41247 -427.7194854362577
41495 -400201.32962277054
41995 -450.74826539963755
42241 -500204.2788404341
42741 -452.3272042546722
43241 -433.54633959409165
43741 -424.61518216879006
43950 -300174.5618094108
44450 -437.8647143531321
44950 -419.63303216078333
45450 -422.26888198012085
45950 -414.8259701646963
46450 -434.1337804731545
46645 -500162.61535004876
47145 -411.909639384097
47645 -428.0753688517157
48145 -416.96871988425943
48645 -433.0551649056438
49145 -442.8144197717948
49507 -300303.2677116995
50007 -434.8511863144424
50025 -300012.3626101956
50525 -429.58552886912094
51025 -438.7269554601593
51525 -414.68775024868734
51914 -400342.58435647417
52031 -300096.58984367026
52531 -433.91415374820605
53031 -419.20729277154516
53531 -420.8469297432563
53557 -21.55268731355661
54057 -411.78681187894614
54244 -400151.65055365
54744 -410.0800007263988
55244 -419.955874544888
55587 -100291.57758063741
56087 -423.16423142507193
56587 -408.1716020777762
57087 -433.20866851972653
57587 -423.90889962820324
57615 -200020.9906421543
58115 -399.9778543692426
58615 -405.0735474510325
59115 -422.61325110985393
59378 -300226.90811587876
59878 -432.464747568413
60356 -400401.5950259148
60856 -412.6596404166081
61356 -200414.60405501674
61856 -428.622422420711
62356 -437.5708308177478
62856 -415.2340125505626
63356 -412.1624251813124
63449 -400074.7280965962
63469 -200014.81133797922
63488 -300013.20653581555
63988 -428.60397659903174
64488 -421.39466678515225
64520 -100025.87848330154
65020 -408.06254282335044
65520 -392.029167474019
66020 -420.9705354566598
66520 -428.366834267314
67020 -408.5149405758698
67520 -407.1089558715228
67708 -300157.23492092214
68208 -423.6212540847239
68708 -413.560659488779
68735 -100021.06029790232
69235 -411.97089699376585
69250 -200010.71257198593
69750 -426.2776812385658
70250 -426.21036727195474
70750 -415.9163204248342
71250 -408.5149405758698
71750 -423.8595760919121
71767 -300011.511938949
71983 -400180.57978338137
72483 -435.07587509754467
72501 -300012.3413779165
72522 -300014.7813623827
72851 -100272.02252070201
73351 -412.89809266444547
73516 -100137.50280827303
74016 -441.46112665176946
74516 -418.51051587213556
74781 -300217.0492705492
75281 -405.7452468576792
75652 -300303.6797863404
76152 -436.24491967053
76652 -425.3028918685555
77152 -411.52309290081604
77652 -419.2655828367819
78152 -439.2305804111158
78471 -100263.30953593816
78971 -395.5824605815221
79458 -300407.2025038509
79958 -434.5075873610549
80139 -400153.52755747584
80336 -400165.8010585216
80836 -427.09769477041857
81336 -412.13266664980085
81805 -100389.45042758771
81831 -200019.30470273172
82331 -424.48067587733823
82831 -426.98806000381103
82852 -300014.9135304827
83352 -423.2770755866518
83852 -436.48781652480346
83914 -400048.7216932224
84055 -300112.85939289187
84555 -395.43606616364576
85055 -404.0045479706008
85231 -300144.95111701416
85731 -414.5990745364931
86231 -410.2218368613562
86731 -463.6620704808762
87182 -400370.13215878385
87682 -420.2368196477725
88182 -403.5397385113185
88682 -441.61555061941505
89083 -353.97535223024545
89583 -445.16873647842914
89606 -200017.222174901
90106 -415.1445527801318
90606 -434.9037997218482
91106 -422.123917030441
91606 -411.6069023657182
92106 -416.80141035446036
92606 -428.9363445408209
93106 -410.8166538217705
93606 -420.36212257886564
94024 -400351.0732075053
94059 -100028.55299439057
94076 -300011.5132367174
94109 -100026.85765106647
94366 -300211.65762054373
94382 -200011.53297186515
94882 -430.357601032866
95382 -418.5581890240448
95882 -399.04659552045825
96382 -438.8299519183533
96401 -200014.0597233944
96901 -413.14368148521805
97283 -300333.28070843464
97783 -420.4453793065325
98283 -424.64018398804035
98783 -409.76979355430757
99283 -428.835422678801
99651 -400304.91043972253
