20 -20.0
45 -25.0
75 -30.0
108 -33.0
128 -20.0
153 -1.6247042373111515
176 -9.882681546896757
407 -119.01374066375156
428 -9.915762373153429
467 -15.752077078913416
511 -29.211975637679718
1011 -250.45623138221464
1051 -20.845931957232942
1074 -7.8309631191383735
1095 0.5164996845902734
1115 -5.833351188280253
1145 -16.860539556095837
1171 -5.658587382805473
1671 -208.60374136688745
1695 0.984805016133205
1720 -12.868325406756524
1746 -1.4725679978017507
1780 0.7650473265341242
1802 0.6426488554084291
1891 -62.952292440972954
1921 -19.924924620050504
1944 0.7669078858699029
1970 -13.875859794373216
1989 -4.886743958448621
2014 -12.87335889032114
2041 0.10454996403389805
2067 -12.84800454067071
2091 0.9401556937117337
2122 0.5507219143336064
2146 -0.1251534358414852
2170 -7.768510491503047
2201 1.890022513776838
2236 -23.88523206773856
2269 1.1514307434116557
2295 -12.849817379970546
2319 -1.3578900000358918
2356 -25.884624992240973
2390 0.971437644568673
2412 -1.62806055284935
2434 -1.6297680662405662
2459 1.0376624207671652
2476 -5.948173861052007
2499 -4.673194379870344
2521 -0.49942252461199976
2546 -0.06572236284259725
2573 1.382855253195697
2594 0.41254451007792614
2619 -0.06620406222469721
2678 -48.902675443905736
2706 0.10206809959054297
2730 0.49031126436295613
2753 -10.869743095207959
2780 0.8981867879545077
2801 0.46067327118584855
2828 1.2624569403131214
2854 -0.010363263777272924
2879 -11.853337013213626
3064 -93.62518950134279
3093 -14.845374757557948
3121 -7.732342739483173
3144 -7.7880764631301584
3217 -33.18438744830355
3242 1.0178045344134472
3265 -8.821204059119008
3288 -10.908604630085206
3314 -15.904652361129664
3359 -21.381497051248473
3387 -15.869664881011037
3428 -11.491752628391191
3455 -14.873910440387537
3479 0.8250267584951001
3504 -0.1279701997592564
3528 -11.869929127725868
3556 -9.776534253819332
3646 -66.7560979209411
3665 -4.8946829356443455
3949 -201.76856143417257
3970 -3.7331453667284187
4000 -9.519138445815699
4028 -11.818212989492341
4050 -4.723074099301489
4068 -6.928143847543063
4102 -10.275719274176407
4129 -5.589546550247317
4152 -3.6170803630028328
4189 -17.93176503082691
4209 -3.85338124986057
4231 -3.6835451213612833
4273 -15.708849403978727
4296 -7.789223292907749
4327 -14.829583557048856
4355 -12.843309464484136
4388 -13.876653415621096
4410 -6.803869465419902
4563 -91.82873229282686
4590 1.2664187009260321
4616 0.03092203920224712
4641 0.8957492872911783
4666 1.0541082381592821
4709 -32.902877576406055
4750 -14.629049288788963
4776 1.2148399290209349
4816 -21.784922210463826
4839 -6.776047911790018
4858 -4.862863842304529
4882 -7.769315976531917
4904 -1.5433068192491626
4926 -2.645689049914771
4956 -11.74332657440905
4980 -9.846489484573995
5006 1.1289714933226545
5028 0.6530505838278102
5053 0.8640301141114201
5071 -6.911469964305377
5096 1.10088085987632
5120 -12.903279377912455
5151 -20.928475217104655
5175 0.9242424513608191
5227 -15.24696244109573
5250 -6.770554565333736
5342 -59.32806958396225
5372 0.4884695647600126
5398 1.1704262866659478
5423 1.0312103309542837
5447 0.850106415662935
5474 -7.570120085991961
5496 -6.807258003344618
5526 1.6420165771688195
5629 -39.49957065281747
5654 0.876439916167742
5681 1.400454662239959
5716 2.6304609764477864
5746 -5.421079228905127
6246 -292.32297096863226
6269 0.8172458270888261
6293 -0.29885339420174095
6321 1.484924621442446
6352 1.6925950755373085
6384 -5.022819152069487
6407 -6.770159789054553
6429 -2.646700445044009
6454 0.8945082228246872
6571 -63.443534138872664
6594 0.8679023798959156
6616 0.6273671578788073
6642 0.5888689461834657
6666 0.9454769116108289
6690 0.8535933353261757
6723 -7.264249472213975
6748 -0.24111256543489468
6770 -3.6527455703801968
6809 0.8206763890134138
6839 0.43527357179541903
6861 -0.5133860579016049
6883 0.5514893285512583
6905 -0.5115209158588088
6928 0.6119958240630607
6954 0.14398408919380712
6980 1.1902550100078546
7008 -14.860401478027708
7029 -1.6519999754298702
7054 0.9265650448091249
7078 -10.86973953100741
7121 -11.737201487346692
7147 -11.81837853366109
7184 -12.395426761773544
7210 -10.827930902087816
7231 -1.6576732613493013
7254 0.812831854839246
7282 0.20071230871018564
7306 0.7944561321845282
7338 -10.649395703403455
7354 -4.934907327912889
7379 -0.01128709027428676
7405 1.1320643736811613
7444 -2.88001390834978
7469 0.9728301407592839
7491 -3.6650236525613344
7516 0.8625837621341189
7536 -4.843373547401931
7557 -1.6479926760342294
7592 -11.644205757593594
7614 0.5280805244301308
7648 -22.88218664987099
7672 0.8910112467993032
7710 -15.36179599834017
7729 -5.896282116837501
7761 -13.593199768098193
7792 -1.7041103862067997
7834 -22.50228162965464
7861 1.1029424943266164
7889 -4.284914663626513
7914 -0.10104322170887126
7964 -9.768115039993383
7993 0.42154142398398253
8016 -6.771549593227579
8040 0.8574496179622455
8063 -5.741063661604702
8085 -2.6201169011699004
8141 -31.882308284669723
8162 -1.7294393155123187
8231 -30.01055482842547
8280 -18.926154774365756
8302 0.567609857983624
8333 -18.870670711130614
8357 -11.885662008888865
8380 -3.7469020527444497
8403 -1.7337605788493553
8431 -1.349160293912345
8455 0.8323239532181955
8483 -0.31129430606171193
8508 0.8527550181717796
8545 -0.738451110690154
8576 -12.680645832480764
8600 1.0268264777892204
8626 -0.0802151373491673
8651 0.9356043864770909
8676 1.105552846361098
8696 -6.847988030369994
8724 -14.996225168241601
8744 -9.917813273039592
8790 -27.964876340409
8813 0.6629859581825507
8834 -3.7418775498796246
8858 -4.575646133335683
8882 0.853577497000904
8903 -2.7538092580071276
8932 -5.233169909206299
8966 -16.70021439916699
9010 -20.210881369206525
9033 -4.675355865213218
9057 0.955619955604088
9079 -4.717553527605199
9111 -4.841424526022838
9158 -13.711748334167721
9265 -46.6349578308265
9287 -4.7253874526063235
9323 -17.598150630763
9346 -2.490246060692865
9370 -2.5433033511217475
9400 -0.24242045734657003
9428 -5.54903268957583
9648 -173.12667814826403
9667 -5.886276584972936
9702 -0.7760853656566933
9729 0.08168797403362271
9757 -0.9302760975017499
9777 -8.917469515593963
9805 -14.86620696909065
9826 0.45457040109651314
9862 0.6093537150096999
9888 -11.809665577974545
9915 1.3848589907342008
9960 -22.41575656748653
9982 -0.5234189627186238
10009 0.1263396484880468
10063 0.29615407029678753
10088 1.1269641281488867
10137 -24.767526038007784
10192 -0.9868518873708213
10218 -5.51682120219118
10239 -6.81876438832535
10309 -29.08042742814128
10337 -16.878793062742925
10360 0.746693551536162
10398 -14.265294621459514
10427 1.26562520064396
10462 -3.649260134703158
10482 -6.859010113808351
10512 0.48498502024266754
10538 -2.628596402936801
10554 -4.966648900651224
10579 1.0371951853083872
10603 0.9625438757712791
10634 -8.405216937541798
10775 -60.169831360329844
10796 0.5426705986700452
10845 -19.979917946967813
10878 -14.576563967824258
10909 -0.5430563948338462
10934 1.010734787696307
10986 -11.875902228635386
11015 -3.6521446683487118
11063 -17.131847790055115
11086 -11.915311200932727
11109 0.9230270700238732
11130 -4.804653322901299
11156 -5.660908530039883
11182 0.047282910545043855
11215 1.4361223682634114
11240 1.096473621175245
11270 -7.582314466305878
11307 1.570461712202122
11331 0.8669048731067904
11397 -41.844679350612196
11478 -38.58088176072878
11502 1.03424101582061
11527 1.08783780685143
11556 -11.714377745656318
11578 -0.5937844278128195
11603 -2.546874223551081
11628 -5.608769052989153
11650 -0.6278580146438569
11761 -25.499757377186977
11785 -8.822796868655846
11809 0.9621912182546081
11833 0.8951190491045614
11855 -0.585365605760714
11976 -44.49560107464829
12179 -118.86989474355667
12220 -13.89455931008419
12299 -41.70860118851331
12378 -37.289034929160934
12403 1.0296740840219543
12433 -8.45171977764025
12460 0.07483926469056268
12484 0.9580901840557723
12510 1.0804782060456513
12531 0.5727246910843067
12574 -16.395096491999134
12607 -0.3601981875265752
12627 -3.803884390401814
12712 -49.07096628895127
12733 0.5010179983603175
12758 1.0974881766466154
12791 2.3909224387334835
12820 -0.029423908382920638
12843 -0.5539794415352787
12889 -15.32504135220451
12914 -0.08822303476332882
12946 0.9314471250109495
12988 2.0302983580682623
13020 1.2740876359325743
13184 -73.74968180909585
13204 -6.908454889150976
13240 2.108884587290193
13296 -17.686172474365982
13318 -0.5680147180368917
13348 0.41615819689574574
13386 0.836239693850938
13408 -0.5740717822972453
13444 1.7194406372566764
13465 0.4825007265233978
13520 -25.436268200636082
13551 0.7431620445591873
13574 -4.686165485771225
13598 -0.4856274382040501
13662 -28.204668794231647
13696 2.3745048917726628
13721 -1.4669342742339901
13753 1.6919910396100089
13781 0.1480528753542698
13822 -13.320009889709507
13851 0.24032592213849657
13872 -0.4917461993512795
13922 -18.295298332624245
13954 0.755101400093221
13988 0.8645271016936622
14013 -9.836851669133928
14044 1.6289087077417388
14066 -0.5226169190273717
14093 0.11259630838871404
14114 -4.765779504644522
14142 -12.803663648815087
14164 -0.6100572864822923
14194 0.5363428959622447
14241 -17.606138739219126
14266 0.7548671193639686
14296 1.6752717213191024
14371 -33.83461016045708
14400 -2.1524084402710693
14458 -17.722362627055457
14492 -12.568791860107014
14529 1.7028688952924362
14563 0.5273899799699193
14588 -6.734509673348992
14660 -37.461790041013124
14697 -10.265478148548418
14723 0.0618804044753305
14801 -30.69789352994384
14877 -25.496139279303325
14923 -17.605256351848382
14947 0.9009148637386717
14973 -7.6297130912866695
15007 0.8733812260351723
15030 -0.5913188706866873
15140 -58.21403545414441
15200 -21.584442312151793
15230 0.08436604065401632
15251 -0.5890254934632412
15274 -3.6457205920365907
15298 -5.648471069771476
15320 -0.5683134535874491
15355 1.4027253687738543
15389 1.6438521398673616
15412 -0.4752198470812765
15439 0.26878495283546844
15459 -7.921923486683422
15499 -13.791871209165635
15526 -6.550248896252145
15553 -0.20337987919944744
15578 -10.828734207620576
15605 -4.574895216750653
15659 -21.186785765089194
15680 -4.817600727535666
15708 -15.903112809432622
15739 1.669878736004607
15766 0.2077077698478198
15793 -8.632699295384583
15818 -11.848106017173784
15870 4.671847072660342
15893 -1.5944764180744908
15916 -0.5384083885801503
15944 -8.593484967883525
15965 -6.884360478920999
15987 -0.5944432645734358
16032 -22.390693200782952
16060 -9.633633220141695
16082 -0.6026463586224025
16113 -2.1156650701651207
16137 -1.2965671098186249
16164 -6.547578359408809
16187 -3.6641206600264558
16216 0.2924536357944596
16243 0.9453798419120837
16266 -5.738139120592891
16294 -0.1374737764152073
16318 -1.56643134677722
16351 0.4866902384316265
16376 -8.771709456667777
16413 -23.89082279249048
16439 -12.84985279174548
16463 -2.575054958592938
16500 0.8371390426850545
16523 -0.39229511571638487
16545 -0.49242330035387183
16566 0.4567914118545623
16588 -1.568469728464231
16629 -16.42828460919432
16654 -3.534248077379015
16677 0.8248405509448351
16701 -1.4929366415068266
16727 0.7932681532197464
16750 -10.869866214545512
16813 -22.539090696974124
16839 -5.5540374847783465
16873 -14.792092518729776
16895 -0.5448297184078528
16927 0.8595156539068269
16948 -0.6099628688643115
16975 0.7462190940181987
16995 -4.877609669476548
17042 -25.130100035699268
17081 -19.149936507858136
17103 -0.5308916448721565
17136 -11.557481589084823
17171 -2.741955053072283
17199 -8.663184784255979
17224 -1.4645093366624424
17245 -6.86524265025966
17270 -5.619772080008674
17295 -0.03476280663044806
17317 -2.664960592319766
17343 -7.634365047733649
17364 0.4589990053882538
17391 -4.4663582815927105
17421 -1.1194514345098479
17440 -4.8940943099453875
17475 -6.1870041706077235
17497 -0.514135203923438
17521 -0.13663184674751394
17549 -10.667742257193922
17571 -0.5196354865211374
17616 -27.824391440413613
17640 -5.651412049754113
17688 -16.56569948515483
17714 -0.3442341502919579
17742 -4.4238902383161856
17759 -6.961172523338391
17783 -4.670855622403856
17809 -6.7019759111293045
17839 -14.813737347767843
17865 -14.892861863126704
17890 -10.858941303778344
17919 1.2668283471874084
17940 -0.5947474754952768
17966 0.10018846252649394
17989 -3.6967374551054126
18012 -3.74181080213004
18035 -2.628312640680204
18061 -4.5728500360607525
18082 -0.47651327394121035
18106 -0.45608618056353245
18128 -3.731319677426023
18149 -1.5754103074306536
18177 0.40454252330302953
18235 -19.27576479942277
18265 -7.449307360255232
18287 -0.5146531162909094
18313 0.8314185945242335
18339 -3.532054428865675
18359 -5.864752751566812
18384 0.786726391030756
18422 0.826769814570987
18454 0.7969737111718458
18479 -7.746505505818046
18500 -0.5698589973767119
18526 0.10387682211100135
18546 -6.900870254950648
18571 0.9316362725817604
18598 -10.785814487177008
18620 -0.6157561970769255
18643 0.640412323750989
18677 2.258517495740466
18703 -6.601198717145827
18762 -22.99930145704748
18786 -8.815420959102351
18827 2.4269958072054987
18861 -3.382802843580679
18890 -6.501489557937937
18915 -7.714394984349495
18965 -1.7528309950499308
19100 -63.912299592813305
19141 3.600494782323655
19164 -1.6314670374438758
19194 0.31836801743563115
19221 0.24212347254510447
19245 0.8029589699589131
19283 -26.943124228731147
19345 -9.97283352017551
19377 2.1266479878403275
19405 0.07626550503140672
19427 -0.4948505719327717
19453 -1.1152540599266523
19475 -0.5323557709518922
19499 -6.748623483268501
19557 -44.97927368065818
19592 -10.612207363064034
19618 -3.441839489428802
19646 -9.623015367166342
19670 -0.41595737449326553
19718 -2.25692264773158
19743 -1.225881604925544
19766 0.8451241581409287
19791 -2.5244998682855897
19815 -4.599384972921209
19928 -42.068847561060785
19960 -0.9562489936429479
19981 -0.5818164902964429
20003 -1.645902259816357
20042 1.8494197795752503
20062 0.3927494632326115
20088 1.0059002123701508
20151 -23.425691452930007
20182 0.7047175249198672
20207 -0.3255226488661179
20271 -24.19747223427113
20317 -8.60407591576433
20338 0.49071478355553866
20362 0.6699612210962272
20400 -2.1807630186877374
20423 0.6843875053975362
20457 0.556216942611554
20673 -96.6252947355424
20707 -15.820714272829157
20738 -12.659592217465644
20794 -25.059428760449865
20824 -18.882678312245744
20847 -10.872399824129085
20883 -17.616975285167133
20920 3.062832311147804
20943 -9.853453676667481
20983 -22.10215596304247
21021 -22.791913486028587
21073 -10.929116625179851
21113 -24.805351691817044
21147 2.3616960689369724
21173 -8.710781041999553
21226 -30.61862816410721
21261 -13.601761677205163
21292 -16.842979402989226
21315 -8.831954013265687
21338 -8.817776049117235
21361 -4.682011004302919
21440 -41.85420381069712
21462 -8.854905140508253
21481 -5.899308800142514
21504 -7.826901485355128
21527 -5.721575674241764
21572 -19.771444868282675
21607 -19.76910933649017
21629 -8.850615996366958
21664 -21.842383128621105
21688 -11.860391453755177
21734 -25.383111957962573
21757 -8.827856258153119
21796 -26.88203035611956
21816 -7.914599100428356
21860 3.2305992168836513
21896 -16.674163661024295
21925 -3.176401114476187
21948 -7.822618532627935
22013 -46.62223516162804
22040 -13.86226995677616
22074 -18.7900093422165
22109 -23.875836212361172
22142 -15.647694773142618
22166 -10.860899924400734
22188 -8.853959184617059
22242 -17.192512081628735
22265 -10.86957047998872
22286 -8.868573254982362
22360 -38.36634980501485
22394 -20.84728162266101
22434 -23.771406405868806
22462 -0.04601836718923402
22509 -18.53322529705371
22544 0.9987489826994178
22567 -8.820511747344257
22602 -23.884111578789618
22639 -22.793583823304942
22679 -25.825331178727993
22715 1.9405060119361464
22736 -6.830574772777102
22761 -10.829058909206497
22782 -2.6394318639477703
22805 -10.8785150657754
22850 -8.588814753725773
22920 -21.548953730736713
22961 -27.909824765938414
23010 -20.906337252163517
23058 -26.6033021733547
23101 -27.783179262725803
23123 -7.830908252327683
23154 -15.809667177827071
23224 -24.889519399232675
23279 -29.619002264783717
23301 -4.6870454324324555
23334 -19.845290966763088
23407 -36.91209802405278
23478 -54.86662901442145
23512 2.060795355322133
23551 -23.81536385335521
23585 -18.79985774360084
23619 -22.87557064755504
23642 -7.8121838229242995
23666 -8.811088403425853
23691 -9.776101907484193
23717 -14.87557064755504
23763 -17.166434788047702
23808 -30.829666332231373
23845 -16.63677479974534
23882 -19.982954586426604
23924 -20.259760084662904
23958 -16.01932608366458
23983 -10.82896318128184
24020 -16.97915960849523
24067 -19.37187419447208
24120 -18.87361192846742
24152 -18.850096005856678
24188 2.61444910518517
24220 -17.825382339003088
24252 0.6197868662862454
24291 -22.780452048632615
24330 -18.999566748540715
24355 -7.674131785488154
24392 -12.1571679378948
24470 -46.06861069030547
24493 -9.858359967209157
24535 -27.82502930579159
24577 -22.262634237232426
24697 -59.10339600929206
24744 -31.814776159877052
24775 -18.84837176588204
24794 -5.8900045130872325
24840 -31.840677984006103
24910 -45.125547051155294
24939 -12.840246064916261
24966 -12.841874585469327
25005 -26.856944053238024
25031 -11.81364487675372
25070 -27.881098655473018
25135 -43.0931032398242
25169 -19.832449726768484
25199 -4.193963087884345
25253 -37.113379794126146
25294 -25.33641181701647
25330 -22.837807864229166
25366 -21.834945835845385
25519 -82.043401376367
25556 -19.205637345792606
25593 -21.15590292927554
25621 -14.880399812691572
25649 -11.787373848025528
25678 -13.805173897042806
25716 -24.84404119764834
25741 -12.850523871831736
25763 -4.790144259556904
25829 -49.867676953021345
25869 -19.3275666807289
25901 -15.81053745458802
25936 -21.84365273878378
25976 -27.857137016853542
26011 1.155992040459322
26030 -5.910551155956046
26056 -13.859706814059322
26085 -8.69984227783302
26138 -23.8870070782036
26208 -45.493054225311084
26237 0.04621647224376879
26287 -38.88125200147566
26351 -41.62714450806467
26382 -18.850927812621393
26413 -13.636274472522764
26448 -16.602397506289975
26487 -24.8236460191089
26511 -11.871598626046548
26739 -177.01276559878346
26766 -14.8617843699526
26794 -14.859631246638092
26851 -41.870484085733096
26887 -23.861106219628702
26923 -22.79424992850819
26978 -42.848583057640425
27030 -32.644554419204574
27056 -5.671761372493848
27087 -18.848565286549384
27131 -31.85999960832473
27164 -20.85647406567446
27202 -25.848376819800812
27224 -7.778946094789072
27259 -19.806955877552255
27299 -20.167710759175137
27328 -12.782157478677627
27352 -7.739531452099006
27379 -14.860989091211641
27425 -33.848371765882035
27462 -5.65593095501711
27501 -24.86247029039617
27527 -11.821891576644656
27551 -11.86837755510491
27576 -12.858270794753581
27737 -96.24406732172567
27781 -16.807816500195607
27816 -16.909856806962598
27839 -10.872469115272814
27878 -22.948189981253826
27917 -26.852890323380127
27988 -40.17393450233423
28020 -19.84837176588204
28054 -21.850411395644514
28086 -19.855489819036155
28113 -10.7846554766518
28157 -28.809745464551177
28188 -18.84837176588204
28220 -19.849267377910945
28267 -25.733399108662475
28302 -22.849445201804144
28330 -14.810084968879284
28366 -17.936545466368344
28427 -20.132864373459682
28447 -6.891417686089033
28480 -21.921806100773907
28524 2.7959109034723113
28543 -0.7809376084437397
28567 -9.833304873204362
28586 -9.956809228146158
28629 0.08325619752706892
28653 -0.5887961616423825
28673 -0.6578885070709062
28695 -4.751229116824425
28746 3.2817930295235875
28768 0.6975529339571284
28811 -29.86076670085687
28837 -0.26483747750955244
28857 -0.7402920469939701
28879 -0.5788292962312099
28899 -4.821885757810588
28919 -4.82552484109101
28952 1.2930178977512894
28974 -0.5991475200806455
28994 -0.6416218146721094
29033 -29.936897642364563
29070 -26.9278269704417
29088 -8.953456434338804
29117 -11.631653409393081
29142 -15.942975104987744
29162 -0.7053333955449497
29199 1.2793697003961855
29225 -4.725131385041358
29252 -3.4728841873587903
29272 -0.6763017550878004
29294 -1.7828309193845548
29317 -8.892056721132317
29364 -35.95716867164323
29385 -0.655624445066624
29442 -24.496765369355128
29482 0.2844096627975814
29545 -22.443047880180778
29561 -6.957962911276416
29589 -15.96658188401095
29614 -0.37878165539664965
29635 -0.6119186991829955
29660 -6.810405651479118
29685 -0.3507355209807478
29708 0.8658262391074611
29728 -0.693671788705061
29768 1.8343632211014715
29791 -13.958684779478917
29810 -7.927784235260666
29831 -0.6525898621950963
29852 0.47089904546768324
29883 1.2705700271462703
29907 -0.47659009666318874
29928 -1.7763789845866205
29947 -6.932243878778114
29967 -2.7711067640356704
29995 -13.91267065142162
30024 -14.897485547224324
30061 -8.89878040189894
30081 0.3503643669839931
30106 1.0690407787691887
30129 0.8181058975509574
30158 -12.866093572161194
30183 -0.4755802932836014
30207 -10.85845171191625
30236 -6.349125444747967
30259 0.7403652038430067
30294 0.7343495899568433
30316 0.4890760778905108
30336 -2.7849955341016366
30381 -31.844793527741803
30425 -32.88019840624693
30480 -25.22411927913635
30509 -15.838389747965795
30551 -26.811035467906116
30570 -9.955372558617828
30596 -14.911616577110111
30619 0.7555817205231103
30642 -0.5953375810574091
30663 -4.810506837258304
30705 -10.306077466693743
30745 1.390910926123547
30777 -20.885095396663818
30805 -1.994730471349016
30858 -43.92445042022808
30889 0.8769469975689252
30909 -8.930506104076887
30973 -28.205994970757693
30996 -4.693257061164815
31017 0.42820315899437766
31033 -5.957440533351566
31056 -0.5819864030447145
31077 -0.7267312958646495
31097 -0.7778891771193848
31117 0.4330488836973658
31139 0.6244609503557677
31159 0.45054436961563893
31180 0.6252823704191421
31207 1.3891849855676297
31227 -0.80268998961301
31248 -11.952423556376415
31273 -4.676611007656057
31288 -1.96823219005134
31314 -5.645883480964136
31351 1.1957017095876017
31370 -6.891086999450494
31394 -0.5190188850618449
31422 0.3179470156571069
31443 -0.6254979963642232
31464 -3.7869874538615402
31482 -8.960156415429989
31503 -8.908103257759613
31526 -0.4214331379878543
31553 0.13586043210314136
31570 -6.950073746390499
31591 -0.6696070682580106
31622 -5.2122667773562075
31652 1.507943955870949
31674 0.43683960181914316
31707 0.24510006474490265
31731 0.8433778122807394
31757 -2.404805257434103
31780 -6.7266060043506
31800 0.44040018232336375
31821 -0.6615635736963128
31845 1.0161620894823638
31911 -22.116814013696185
31931 -0.5512887467842501
31950 -3.863114367152322
31972 -0.5399113413035687
31996 -4.575311945965461
32021 -0.18665723077656005
32042 -7.822441247878648
32067 1.0014096265688623
32090 0.6779327265898878
32113 0.46835271155876335
32142 0.39337732027617545
32168 0.9063966766814743
32207 1.7422374771717197
32225 -7.953072664318903
32245 0.42227223308142947
32274 -10.628948132182204
32301 -5.6901814305625
32327 -0.0450851830573461
32352 -0.4758601586121697
32386 0.05627335748777895
32423 1.6304612402225507
32446 0.7545097175130373
32471 0.8626765360309309
32494 0.9086866533386622
32515 0.39101594733842726
32538 0.9393737164237959
32563 -6.750313679939365
32657 -11.841916518408308
32676 -3.862593908334537
32706 -17.867224481633897
32728 -2.6363661677025254
32753 0.8721639129574664
32783 1.1911234565782034
32803 0.30018192836549007
32827 0.9583979922091905
32851 1.052089664070423
32870 -5.901010072119401
32892 -13.96159717071275
32928 -23.849783400299412
32952 -11.897461028387738
33000 -33.93116824656188
33027 -14.859510607200658
33056 -1.1171797163558175
33083 -13.859762072331542
33118 -22.84837176588204
33161 -30.85595995917512
33215 -20.217058440539546
33235 -0.8183466036742101
33265 0.4422711049273267
33290 0.8910248180130855
33321 -0.45994392169383924
33350 0.25169102043566016
33379 -1.8961278795479102
33401 0.4830871649909626
33420 -8.9522408284405
33459 2.4388412980255607
33483 -8.839938151439778
33505 -0.6424178419371932
33527 0.6716832369423995
33558 0.13170356239315817
33585 1.4234609165829206
33611 -0.4230951526472637
33632 -1.7568368438404929
33653 -5.831149231888176
33674 0.48693934759207336
33703 0.32585831814198807
33738 -13.433365164801394
33755 -6.9583172941771165
33779 0.7978022387995065
33804 -2.3414557589481046
33831 0.05448095498742278
33856 1.0730075515880895
33886 -6.511597331360445
33911 0.9031179206085131
33931 0.3917979199609477
33982 -28.266768709062756
34010 0.03865685637561356
34030 0.4367005703562439
34054 1.006099651121369
34084 0.39104446536277004
34122 -19.581348993901326
34145 -0.6163314175317738
34173 -7.614341293064223
34195 0.6098299302491297
34226 -20.937765794722527
34250 0.8907906977545565
34325 -11.375291993872377
34349 -6.67956899063209
34371 0.6766445036793345
34405 1.981016476973764
34431 0.047058159222339135
34453 -9.911809313535233
34477 -3.658702267151371
34499 -9.865635214346064
34531 -1.10971841572638
34556 0.6146112680790832
34580 0.8129374356852163
34616 -0.4660484959586778
34652 2.4662875828046906
34667 -3.976636306316734
34686 -4.9017110304549005
34708 0.6263297652170476
34737 0.2862256470471438
34764 0.7871927536237369
34793 -0.816653352090834
34817 0.9148848723731617
34847 1.7312072605147732
34873 -1.151968252348333
34911 -18.528006133823574
34949 -17.51264059621165
34979 -11.64698182522535
35011 0.45868803532108426
35034 0.42080687740833767
35056 0.6066595562630013
35102 3.5867759795875447
35131 0.4685637803488667
35153 0.6778666585209708
35177 -5.686790653136773
35203 -7.757179114962563
35241 -0.9081139277568244
35265 0.5138092392834064
35290 -0.24075654688562698
35314 0.7097607224964896
35351 -17.609200008275153
35377 -7.702608271754745
35405 -1.0702054978340658
35430 -7.7681514644107175
35465 -20.84834404975447
35486 -0.6294494384679914
35545 -29.884678959109955
35570 -4.4757632148815105
35592 0.8013159046361856
35623 -3.7246382113226906
35648 -0.12259628428649472
35678 0.36080636356794304
35707 1.4558290928213664
35725 -5.933081750168088
35746 0.42649550700264716
35769 0.7005082516127673
35792 -0.30398827600769196
35817 -0.020105859543568916
35860 -16.31865380306938
35890 1.3998068349659794
35918 1.5421333838384266
35981 -38.176658536509656
36007 -1.2731943988083316
36032 -4.476444036706977
36062 -6.265425465822827
36085 -0.48988615825981874
36112 1.113494002316387
36132 -0.6443298120124324
36160 0.12545000970269182
36184 -0.14789008273860782
36207 -2.8803510967725945
36236 1.3475789026607143
36263 1.1881352523778976
36288 -6.723309163752228
36319 -8.473829696332967
36340 -0.6115210665665772
36393 -8.482868640420495
36418 -7.735391285823749
36444 -1.4163436122255508
36472 0.0925218110468764
36504 -17.804328480422193
36529 -0.44367048354343575
36563 1.299884516939203
36610 -24.62298427733599
36632 -5.789695048791587
36653 0.5025997001531923
36673 0.21249669036864716
36704 -12.634735904080856
36732 -1.0258932896697233
36758 -3.569360474251168
36796 -20.705013956049477
36859 -8.952299762935752
36887 -8.664532478234541
36904 -3.9449285974379076
36930 -5.498025516824655
36952 0.4484474086284529
36989 0.4322705882483526
37027 -5.207463010081525
37054 -2.405515363729294
37084 1.7523223517492328
37110 0.7831137499325747
37133 0.9404279256224773
37162 0.20361570303374643
37185 -0.21055425497828983
37206 0.6820194845189761
37233 -0.18222897992428633
37264 -10.467387198269906
37287 0.8589125605849441
37315 -0.7683523556974166
37350 -10.205749197492242
37385 -12.379457929055715
37412 0.05065149708971339
37443 2.0341580231683905
37467 0.6864158134418451
37502 -6.281258989986099
37529 -3.4470956759760365
37593 -37.826836938903554
37617 1.0578054872963687
37643 1.2097831574895304
37668 1.1385410641739375
37696 0.25702521283425206
37718 0.5276587508523051
37742 1.0184097075485736
37783 -17.216217322992538
37811 -7.444690226892375
37842 -7.407314860508086
37865 -0.5690892343715845
37893 -9.610235128687059
37925 -14.632546190851365
37964 -19.7078388167221
38000 -12.404657146439007
38022 0.6640717839610025
38048 -3.3615633605418545
38088 -14.51358336439564
38112 0.9202536981333487
38137 -5.647032308610519
38164 1.069651450302095
38191 -0.07043463141727913
38220 -5.227440401984254
38257 -0.0973950259777272
38281 -5.698811613409653
38306 -2.3975621718080378
38341 1.6277505060282165
38395 -19.0180145921787
38428 -7.173875762327455
38470 -22.49287286533399
38497 1.0597183594916986
38534 -15.585074474743568
38563 -5.223787324282086
38626 -25.687718796361203
38649 -4.693897884635543
38703 -35.59628789256796
38729 0.834546825216296
38770 -17.275977796629654
38804 -15.572814028141917
38836 -9.403539569470581
38921 -43.62264770380116
38950 0.3665997073442251
39014 -38.42493328899698
39044 -6.441623476663034
39071 1.1285788165923878
39151 -19.069026285317896
39235 -28.352000536597156
39263 -13.799530975388858
39294 0.5329476559043733
39436 -38.75399866803417
39512 -38.773176464901255
39535 0.8344564821138282
39567 -6.133517479495575
39596 0.2426526513415561
39625 0.24159974936188489
39660 -7.995539726872078
39692 -8.43085193780745
39751 -12.722765863437163
39841 -26.29516861866793
39867 -4.4239414632070675
39957 -48.117067837206704
40003 -17.4408023086158
40029 -0.057766307858254096
40052 -3.815055319546585
40096 -17.0178745133228
40125 -3.053287705131191
40154 0.2522041476040964
40182 1.123484886136447
40229 -25.44246473609394
40249 0.3900382122092445
40273 0.7455980466887665
40311 -18.704769050840806
40340 1.417295618715776
40367 -7.663881411503548
40401 1.6520434899143701
40425 0.9904745873579032
40449 -5.69590247492216
40481 0.43040748776520377
40517 1.0896860464416145
40547 -6.325428933431863
40570 0.9569826364033387
40600 -7.3970005395698575
40625 -0.10443465260396734
40657 -12.499581308213076
40696 -13.021150748828264
40724 0.04837673911128926
40750 -4.6106489096242855
40818 -18.060681007176253
40851 0.5078409265762125
40878 1.0600670977256266
40911 -11.450997734079937
40940 0.2613444245969536
40965 0.9512124871510336
40989 -5.737565477620332
41017 -13.816180560745547
41040 0.7561572567080362
41087 4.055873732447722
41119 -7.224952044535227
41142 0.7772032458609078
41171 -7.365230797247719
41265 -22.742635792609022
41294 -1.9238937594592456
41315 -1.7060973668405648
41340 -3.7669732179710937
41371 -9.54949075527014
41400 -3.1179345045677898
41423 -0.4074136527017267
41445 0.6922042741890252
41485 3.3881255080226365
41506 -4.801045035994081
41538 0.6980241022675755
41573 -15.649074652057447
41594 0.48481040691036326
41623 1.293347741437981
41655 -10.409078411321556
41679 -4.737679527648516
41706 1.183347169600963
41731 1.0232076604660216
41762 -9.430035083361398
41792 1.3590051475281166
41840 -22.02413665586098
41866 -4.525856736204673
41887 0.5044777954496451
41914 1.1823415189737438
41940 -7.671970556854509
41966 1.143590522794068
41995 0.2839787149943358
42023 -12.767005717352637
42052 0.29612672419285024
42077 -8.749692318437482
42104 -1.5567432366900074
42134 -6.278111529947992
42176 -15.99799392648816
42213 -20.712107397017938
42237 -2.4290594005752637
42270 -5.038950764743833
42293 -4.625984935154433
42319 -6.540600834277491
42343 1.073087228764154
42369 1.2597745222154215
42400 -7.344107382367901
42433 -9.452467848448562
42464 -4.151594538024979
42500 -16.509373318084506
42556 -23.206361134949788
42591 -11.212255940946369
42618 -6.548112651950143
42682 -33.82832630872514
42710 1.130944283189367
42746 -12.199476044939447
42768 0.5457748027802285
42789 0.5360736120913694
42819 -10.639953209001234
42858 3.3284996515101795
42889 1.6603593112218653
42913 0.9329584866334572
42951 -18.548859562476125
42992 -17.320330112617476
43011 -3.8572990243931224
43034 -0.34494791751573706
43071 1.877741457523558
43107 -12.324163072675033
43147 -15.133661155407749
43176 -0.8381658202537963
43204 0.133840649670796
43241 -3.6481518181468884
43264 0.8405902921525454
43285 0.4847315539969136
43308 0.7474059488408743
43341 -11.545639123505785
43374 0.5278090178424804
43401 0.9396487833620605
43428 -7.537365008584951
43456 0.9402808412757344
43484 0.15802451317475796
43510 -7.680205249682464
43531 0.5272979130786095
43560 -9.532678037288893
43591 -10.469048911976058
43634 -25.78016277140936
43718 -29.32749509225019
43760 -16.036722348014074
43788 -5.422085855017773
43810 0.681336335241341
43839 -0.029027104011299487
43887 -20.938179388754143
43916 0.2684076532791062
43948 -0.40820940723838395
43977 0.18012815777865754
44004 1.104194751336958
44029 -4.4774804163361
44054 -3.5988032315700202
44084 -7.33627470767075
44127 -14.752946386766753
44147 0.4583146555091143
44169 -4.795219521994078
44194 -6.5967956720586205
44233 -11.999972008771561
44261 -2.109472976859743
44317 -1.8914951723386138
44338 -6.869230360914221
44361 -3.5358384694369085
44385 0.5508375208349072
44412 -7.628836041409622
44435 0.38118694991773794
44477 -22.554877431165423
44501 0.739891046614596
44538 -16.460467637306227
44589 -21.88897304436363
44622 -3.9318470459049664
44655 -13.502905530067647
44678 -0.28880214161464723
44702 0.9416533559030453
44725 -5.750695938461708
44745 -4.813559830607959
44771 1.1208296975897465
44794 -5.74550770622668
44816 -5.721436709696945
44843 -1.136691320883305
44894 -12.194025684670418
44925 -6.435917448852759
44951 0.8650310000225649
44985 2.233089194566219
45009 0.65949601867321
45036 1.15890547894166
45066 1.4858250388763712
45086 -3.796301247474995
45125 0.8083640578522973
45162 -16.533990856076514
45190 1.34506468430068
45214 -2.4488628680235056
45243 0.05322935260397976
45263 0.4270248482435811
45288 -5.591652640422875
45328 1.8459451968242364
45354 0.03468765734024726
45402 -27.54032069304923
45426 -5.715947352615213
45449 0.743442796535034
45479 -0.9080432126741871
45519 3.6327387451274493
45546 -7.570655542100093
45569 0.6120190672143583
45598 0.056345577644159706
45631 -11.444220815026762
45663 -14.667912922036784
45692 -6.42251098442032
45719 0.09378741548398262
45748 0.516246292582567
45782 -14.611372296211323
45805 -2.501425312072361
45825 -3.8565271052826695
45852 -6.573819880275232
45874 -4.748867654719556
45903 -6.345570355027006
45929 0.010384232815062289
45951 0.7749136696497373
45976 0.9185465637979395
46005 -10.662738983233101
46053 -19.490690962124397
46077 -5.699200787237153
46099 0.6040484690511654
46122 -0.3363544727256237
46147 0.7919487310287141
46195 -8.857582389126641
46211 -8.995267083450448
46227 -10.005001682586517
46247 -9.97694837500445
46262 -12.02392873075082
46283 -9.830801407826362
46303 -16.091972440240866
46353 -22.9690954448026
46386 -14.6801005560324
46408 0.6383715220049249
46454 -23.28990273877156
46480 0.68694366655929
46510 0.333063570574732
46547 -12.25564702309791
46573 -8.647791612882731
46597 0.667064446373488
46621 0.9078412851178652
46643 -7.8070940434651055
46666 0.682908924938471
46689 0.6949938791543468
46711 -0.472968339154065
46741 0.7057349907937291
46824 -20.489873964658113
46855 -11.565416298115979
46888 0.36169588596259805
46912 0.8671336149710072
46943 0.6440203994431308
46974 1.4465099797792411
47003 -0.9187925067004268
47029 -3.455406188903138
47074 4.221626745266038
47136 -20.15633921115216
47165 -0.1470900351264075
47314 -86.25523497942197
47337 0.9407707007185808
47365 0.09198392107307662
47413 -15.55970352270305
47437 0.8045916567273762
47477 -12.94871819935046
47502 0.9714099040267345
47543 -12.90190735995512
47568 0.5196073018086012
47589 -1.749683651049065
47615 -5.476426283507523
47637 0.6710026139005724
47663 -0.23269499793761528
47686 0.7877233105884923
47719 0.8723776090010942
47745 -5.4672795831980245
47769 -7.7215925749060546
47794 -3.6642281852591547
47834 -19.54837807320063
47857 0.6753725901269407
47887 0.23543383521763728
47912 -1.6460541827106165
47938 0.9684221267711071
47965 -8.71286519851644
47987 -3.644093926784288
48014 1.3141135082278477
48038 0.8010629843879
48070 -7.1866402506489395
48102 1.6093461956811925
48130 -9.586879585942867
48153 0.8168615988201389
48182 -8.526038503782054
48248 -23.82477962082045
48271 -0.45697045377038037
48298 0.08243598907391081
48343 5.094983194930939
48370 -6.5286200354008415
48394 -2.504604969772951
48429 -14.516525564125846
48458 -4.176154425501774
48479 0.38407582849021593
48505 0.8433617535080047
48527 0.6530088720693586
48562 2.4471714973619383
48585 -4.59932938621837
48613 1.2841240522370998
48652 2.8441374180324352
48678 -0.34001876613357007
48710 0.7920261479763737
48737 1.0037074834231159
48760 -5.695727597178483
48785 0.9146041125647891
48825 -17.379862388745618
48854 -5.288542938966005
48883 -2.0284819608804496
48908 1.103679917908647
48932 -4.541437063052278
48959 1.0808932649208736
48985 1.2515568518510054
49011 0.8263526322386129
49035 0.7966121087961848
49058 0.52681977393024
49080 0.8055020835644829
49110 -10.588077272077426
49138 0.9824448667002633
49168 1.6473154738725104
49191 0.8075896404881718
49214 -4.748659121204847
49240 -4.399587323550736
49268 -0.9424971682302044
49302 1.1042853568265727
49325 0.8528062587289107
49355 1.862478302848056
49375 -6.889755357323281
49406 -12.644305564105675
49430 1.0289316620712121
49455 1.1483546202647075
49474 -1.844649390745106
49496 0.6409619080379539
49517 -2.8103145777440597
49538 0.638039976293475
49566 0.39129422187169993
49593 -3.505435330964539
49620 1.2801195719020282
49646 0.9259340493546167
49675 1.4865859638896959
49711 -9.12688317677564
49783 -32.660733716635285
49814 1.5850058627996948
49869 -3.4933891733383775
49894 0.8881367152611687
49928 -0.23612246163613326
49994 -21.36678050876086
50015 0.43427914127475054
50041 1.2744717816130797
50064 0.5436004056869058
50092 1.5368591313617057
50114 0.6824722614265122
50139 -0.0822951204325515
50166 -2.1959029820048794
50199 -0.26799796739863213
50229 1.7699271829478551
50252 0.8899515992802735
50299 -26.709018599199084
50374 -19.39787617962955
50397 0.5304105633234909
50424 1.412997884694443
50446 0.47758561654547405
50470 -3.577494726745078
50514 -9.229475669495955
50536 0.7396387771632129
50564 0.18347072462221292
50622 -14.244053617215895
50659 -2.694951783402299
50683 0.7166159077591508
50706 0.8913976084959758
50729 -0.44987553534409996
50751 0.6757302676891163
50808 -21.964210380162925
50832 -4.684780942408887
50853 0.60423562152013
50921 -14.81259774122979
50943 -1.8079836291699274
50975 -9.285693654272412
51002 -7.675268168354093
51039 -13.244577960094553
51065 0.9912325776617189
51100 -7.975853969946156
51124 0.8521208364346989
51148 -2.6568763823141808
51170 -4.720087486849238
51275 -60.02012672844606
51298 0.745309452634992
51324 -8.673357568755364
51352 -7.463434683064651
51383 -14.732028029297586
51407 0.8328208028250212
51431 0.925514954029637
51453 0.7498555726100227
51478 0.9312721459120837
51502 -2.4743053427152217
51521 -1.8304184222359419
51558 -9.91558734630016
51587 1.265774836534186
51611 0.9476535673586419
51633 0.7787294026106372
51658 -2.3370228966716726
51682 1.0029156342912224
51707 0.9699939769103724
51727 -3.8448870800590615
51751 -0.13729917216327558
51779 1.0344966586712832
51804 -6.713107667002195
51826 -3.6031750126562936
51849 0.9200171480410219
51873 -2.5083018122316494
51901 1.12076479900599
51922 0.34994822632160083
51943 -1.6958240653199506
51965 0.7805627343522833
51997 1.4858309106559284
52020 -0.5651920942853995
52052 1.315641513915732
52073 -3.763491786812268
52104 1.4707818719129424
52132 1.4279232907285664
52155 0.7722789883703797
52179 0.9553096388116685
52206 0.18275405659897914
52226 -0.6384051266476835
52254 1.4429482385088828
52300 -21.50745357702624
52326 0.5360034033371966
52353 0.8720329922020925
52426 -28.976647916155304
52452 1.1827879707565425
52474 0.7480358492337214
52497 0.7743847509552015
52530 -18.798727015961664
52560 1.4862497784706026
52586 1.261256966015004
52623 -18.639179581758576
52654 0.7677467394714812
52683 0.26868577766767476
52722 2.2998024387943374
52747 -4.47322770727414
52771 0.9331749684267878
52799 -8.524073465339491
52821 0.5590063125295371
52853 1.7051661582148245
52884 -6.188230912682114
52911 1.2342321043372377
52944 1.1224238442355894
52967 -3.535496353962018
52996 1.1342582000263097
53023 -2.5424858475240164
53048 0.8325819591109183
53079 1.2350937346790314
53097 0.27515023471367617
53121 -0.3660142123613216
53145 0.9545852639599486
53252 -52.56536875230959
53273 0.6762759947777427
53297 0.7057284238593827
53322 0.8416139810681491
53343 -0.564980038008412
53368 0.933813879903218
53401 -5.203513635499626
53425 -4.685929796240011
53455 1.7238144272465075
53478 0.9227097628012108
53508 -6.571506768210368
53529 -0.5867741574005577
53552 0.801381343346655
53579 1.3335382165932994
53645 -9.246600894043283
53668 -0.5422700476346088
53700 0.5494219765201793
53724 0.8863184660829925
53768 2.163220743868255
53790 0.771314106197906
53817 0.9660003113793685
53838 -2.8101520218287948
53860 0.5219880654597321
53876 -13.033701683473423
53914 -7.645980390026878
53938 0.6730077698782866
53964 -3.672230743477883
53990 -6.622951299579999
54015 0.38479060513538255
54059 -21.41118405120921
54076 -7.967159629856788
54104 -12.781189274110579
54142 2.1398121815959597
54162 -4.8408012218942815
54199 -19.633025651142724
54221 0.5091441008323222
54285 -27.323374002655385
54319 0.9390470723682491
54341 0.7609184358571353
54364 0.7076436397676016
54388 1.0241010611507417
54411 0.5765614450689276
54437 0.8982080966378568
54463 0.9985551666522292
54486 0.6911050144822795
54508 0.5755322449376041
54558 -11.526085008225051
54583 -4.546978482476806
54608 -0.047951042319812176
54632 0.8734168686617468
54650 0.312158011124133
54677 -0.15888026213370587
54699 0.7811514037985334
54722 0.7890418576269004
54746 0.8548705814785271
54787 -18.48692798610385
54813 -1.2140668554272722
54833 0.6058487885649771
54857 -5.637168180059447
54883 0.039592322319588646
54909 -6.55112252696365
54931 0.6847582302055556
55055 -75.01212493813505
55075 0.5052091619361873
55116 -20.44028164360799
55139 0.6353497740510574
55162 0.5334481277890329
55187 -7.750931448994705
55213 1.093404714243073
55237 0.845487154985526
55259 0.6460902551209866
55289 -12.685561329597768
55311 0.753159476781865
55337 1.1203085171042682
55369 -2.53772284014289
55405 2.5046378820349844
55431 0.9231120021560931
55532 -46.59038442759891
55562 -2.0733730854455885
55581 -1.7257548071800426
55601 0.45097444306292045
55620 0.24207853071335983
55664 -22.44582864526221
55690 1.0630832866137463
55713 0.9309816082222531
55735 0.4839153943439002
55758 0.8350173183275543
55788 -8.42669160663582
55820 1.4843503454172537
55841 0.6822572785282509
55864 -6.73622330269977
55886 0.5687604515509816
55914 -0.8629572020942815
55936 -1.5374817500166478
55955 -0.9067347833357544
55974 -1.909409297253805
56014 -9.565244793788505
56042 -7.6021734151090286
56067 -0.1734325954630057
56091 0.9399875400920493
56129 0.737447523752957
56151 0.7917718070857341
56176 0.7920162777358357
56211 -13.402247645130416
56243 -3.7167999382703067
56268 -0.10363632710881743
56290 0.7824465293823696
56313 0.8112734620646669
56333 0.5866491815825267
56362 1.4439900606094924
56383 0.5806708641656034
56406 -4.764714464949252
56428 0.48490205002088127
56454 -0.2202626866278664
56527 -36.98821715169997
56573 -17.780387170201287
56602 -8.541918352201321
56634 0.7394563049616494
56660 -0.0253330197494831
56688 1.1005290233533418
56725 -10.95076091698742
56751 -0.0030886965795663412
56775 -0.23053694506321454
56804 -4.1749421241925635
56844 -22.85183666582232
56866 0.4666062934946694
56892 1.134807313156426
56913 -5.846657938153976
56930 -11.00491670724275
56964 -8.706861402416523
56981 -11.000546262848037
57005 0.9344724692524458
57029 -5.673303974771789
57099 -15.592085054007493
57120 0.4621857305965913
57148 0.059128954649215526
57170 0.826133122318219
57190 -4.873688867413372
57224 -14.595428416945435
57250 0.5160217067403742
57279 0.2632671702343474
57299 -3.7865719999593
57325 0.030215495215970556
57351 0.42451509244730234
57374 0.404933071796719
57405 0.25455197404266827
57425 0.35364712609446525
57471 -22.534487834695682
57495 0.9716441794993095
57513 0.21507977879930595
57554 -15.33355985201895
57581 1.3134879151310286
57601 0.46157159502055556
57624 -6.828112680936373
57643 0.4398695925162617
57677 -16.826785924482557
57702 -8.759505808159805
57734 -13.67382917327691
57767 -8.339009893938043
57792 0.6286250762786512
57814 0.7485985519604206
57845 1.6500166734779165
57874 1.1733888618904518
57896 0.4846019427373224
57918 0.7098057688513294
57953 2.5441452900574277
57976 0.8145490330097661
57996 0.5787258898929969
58019 0.7308020877910447
58053 2.344154607423854
58087 0.7714098714131059
58105 0.2894365379827917
58139 0.3177956658657273
58166 0.9438961429716826
58186 0.4154676167992678
58211 -4.731171352373811
58230 -0.7353087976788171
58259 -6.587692069321594
58281 0.7785851993632638
58304 -6.7348435287684385
58324 0.39626383009947774
58383 -16.726583185451425
58407 0.9970772428316388
58429 -2.566197881911114
58452 0.7686450522668196
58477 0.9556873945725999
58508 -5.058893000602514
58531 0.5761848350466195
58556 1.1232790101530488
58586 0.7274973244966737
58621 1.2897699751807377
58664 -21.566796679556173
58684 0.5316635874396566
58710 -0.007002207893987533
58735 -1.394883195956055
58758 -3.7923504959104832
58787 0.14606063813120174
58809 0.7628731830640461
58829 0.5571269806822884
58889 -29.03297930254169
58914 0.8592836998455211
58935 0.5082286293570204
58960 -9.808624619648963
58983 0.6572457052903113
59006 0.9297890989370109
59033 0.11642990485356464
59058 -0.2968886718146384
59079 0.6653828794092224
59104 0.8626317691198909
59133 0.23796078667670828
59159 -1.156530864882757
59185 1.255327832659701
59224 -9.703391656342436
59253 -1.5059214567146635
59297 0.4318247467595471
59318 0.7022646836242292
59342 0.7368582656114894
59409 -16.343120778415496
59432 0.7037284883775556
59456 0.8225795465881834
59476 -0.7855162763471213
59514 -20.6757560004938
59540 -0.21709612123201083
59566 0.8392773008172653
59598 1.6532630960670107
59621 0.8473251181093424
59667 -21.46671708226532
59713 -12.319609437159418
59782 -14.587356492965082
59810 0.05537850288235724
59840 1.274576708364187
59878 -14.255730870305072
59904 -0.22402426396050856
59932 -2.1478355090206094
59954 0.6488509753181361
59980 -0.011266757005602535
60013 -8.312494038719262
60037 -5.691250529772245
60072 -5.712638639812593
60097 -0.15569287831325318
60120 0.886882892132507
60141 0.6940231415096619
60164 0.9183362221476166
60189 -4.732803818019539
60218 0.02232099707296653
60320 -2.589715042495847
60358 2.2701323443389083
60388 0.7290476107542144
60420 -6.625289587873984
60444 0.8058967737889974
60465 0.6809383256863497
60489 0.9100775982427216
60511 0.7593004700212105
60533 -0.4742749083556409
60555 0.7745512026455753
60576 0.6956407464570394
60609 1.1691802624786192
60663 -3.5069165367559787
60687 0.7951651396932657
60709 0.5112243864774815
60780 -14.387523940563938
60818 -21.745505797799243
60856 -12.432280728144377
60918 -44.66872880641802
60954 -17.613907275238862
60976 0.7844336582678
61019 -7.164403373719709
61045 -0.034390311056316736
61065 0.5271750255313298
61108 -20.339485871880765
61184 -19.48854984979115
61203 -2.854865411395333
61229 1.102782171154568
61250 -0.5306916201483889
61272 0.6636746421858463
61296 -8.807169109252662
61323 1.236066757683182
61347 0.9402819517887436
61370 0.693757309143454
61397 0.9403933981191683
61433 -14.569101041596195
61452 -3.881854508787695
61474 0.6938718311841752
61502 0.9301969907502597
61523 0.7226438523072609
61553 -4.425573357715867
61592 2.020446213800447
61614 -4.785545110756542
61635 0.6770865285847445
61662 -0.02396126960258993
61737 -13.626017223210352
61760 0.7389615667113482
61829 -28.857185798628187
61860 -12.719832289302932
61891 -0.02971172981888004
61951 -4.163342598864511
61977 0.032423148481189434
62006 -8.667116948347669
62042 -10.332874094078736
62067 1.0872791866881693
62109 2.7466148439703835
62130 -3.7439171209875655
62152 0.5634607814610401
62222 -25.930440889099188
62242 0.48329577262496526
62264 0.6588284281714736
62297 -3.9132946165161084
62326 0.30309755319578446
62353 -0.09119302511293725
62375 0.7744367420561773
62397 0.5744389061412861
62440 -25.765212092497805
62458 0.19113882088581258
62486 1.4793043254155072
62507 -4.734518811433926
62530 -6.797947135950972
62558 -5.524688309868363
62587 -12.764783092339336
62610 0.8777183501896872
62630 0.543819148476498
62656 0.6922956781480724
62677 -0.7193495096398723
62701 0.9615884076195947
62720 -3.88331848304784
62747 -3.6447098606597064
62787 -17.39923000395517
62814 0.8057132390576877
62846 -0.3912141559981668
62865 0.42633138618484523
62889 0.8657572021229247
62909 0.6086430020709177
62930 0.44933774148627026
62953 0.9277686381703456
62980 -3.4501968030827763
63003 0.8851606185310417
63024 0.5942425285252978
63044 -0.7883251814456895
63069 1.0649522151186734
63089 0.524673082941514
63113 0.8632234112005486
63136 0.808315522906015
63156 0.546953243852748
63176 0.32227232735046263
63196 0.5859619002626669
63222 -22.999671626392683
63247 0.733137784153597
63276 1.3241353477015316
63304 -0.005384912377948359
63326 0.6562886032159616
63354 0.47459843480066133
63376 -4.814556161438869
63398 -0.6183836942241444
63420 0.4167279630192079
63451 1.5247998884594438
63474 0.38127407951648873
63513 1.7985934359639142
63537 0.6119844835374258
63561 -1.6690584846810665
63589 -1.4153772531862299
63639 -27.40768940003999
63693 -13.51776184444049
63717 -4.871862713207234
63739 0.5659518640449436
63770 -6.3623951997977715
63807 -6.043060850746554
63858 -15.246206136111677
63881 -1.7362263059818788
63907 0.5561817560225599
63930 -20.040023592258997
63951 0.1681733730414945
63973 0.6560918964719247
64001 0.5128936706719313
64027 0.7686787055771596
64064 -9.97123861854671
64087 0.3945421421063706
64162 -32.93674338721246
64186 0.852017374306414
64223 -29.094504721059415
64245 0.34835730132672815
64295 -22.12371955697569
64319 0.8546059924990306
64349 -11.710790169692403
64374 -0.018220105978288048
64395 0.6985842760303305
64418 0.8985352291630528
64442 -3.82693758387322
64468 -3.784703586819855
64492 0.7766067755274018
64521 0.2600949985449674
64545 0.4756228864692148
64565 -3.899393959257683
64589 -4.908417471384493
64616 0.9947358399012776
64636 -0.736217941278033
64665 1.3069323975199307
64693 0.5871163509571348
64725 0.35553266058973465
64750 1.124331199906663
64818 -29.07873143885346
64837 0.22889855823026684
64862 0.3322898680377311
64896 -10.36989847305252
64918 0.2833611819536632
64946 1.256642419982028
64978 1.4445880481642506
65006 1.1730574385039518
65035 0.7879616983763116
65062 -3.293109519515792
65088 -4.683335063949112
65114 1.1374251199891836
65139 0.46480110218515924
65158 -0.7263782346329334
65187 -1.0369827478350797
65208 -0.6468450146884974
65229 0.421385067014899
65257 0.9497196721263805
65279 0.3816496352445904
65312 0.9384736039703836
65334 -5.90794832494571
65354 0.3981886439680392
65393 -10.139570274436217
65429 2.5941766363887684
65452 -0.5569517551517669
65493 -19.381175009815095
65517 -6.676522830265189
65548 -6.228120011814292
65577 -3.6414938485390764
65599 -7.950385905232766
65618 0.21116248085941813
65654 2.7169173068601955
65673 -7.969763173333929
65691 -3.9197795667624136
65710 0.17785369336224188
65733 0.7013301845143
65752 0.20769546662364324
65775 -4.792371080689287
65799 1.023530565072206
65818 -0.7042386776426323
65839 0.5403519850712698
65860 0.3663023814702917
65881 0.40692713009320003
65906 -3.495994735104473
65931 1.064643483733613
65951 0.4296484253796051
65992 -16.508192132460547
66037 -20.19461288417252
66055 0.3142798609718197
66078 0.18969210872742615
66099 -3.8741638569616037
66121 0.4185309496366232
66188 -39.374924846884404
66220 -4.589827344741016
66249 -6.623104417138637
66270 0.45602703011589485
66305 -0.712652762191782
66348 -18.27183710738607
66367 0.30027333559529745
66391 0.863621910837241
66410 0.23395115563414282
66428 -3.923116481282
66456 -0.9840207588580991
66499 -14.647978087935586
66522 0.9138505446436344
66545 0.39268527493805305
66573 -6.8098855290354505
66596 -4.855799660846515
66650 5.357985984618027
66672 0.6787727696310751
66696 0.9792469414369288
66719 -0.693192230141329
66748 -7.577345250056629
66770 0.5579880661673177
66795 0.3930376445660003
66826 1.2256713413661622
66845 0.1791974544317022
66868 0.8983671919666626
66918 -24.332328497547273
66940 0.25292490816468516
66959 0.2550722537349519
66983 0.4322870774357487
67003 0.4402503541203848
67023 0.22578673534686244
67042 0.2962785451359843
67067 0.9785805864937356
67095 -7.768029965513234
67149 -14.785853857056123
67171 -4.8979436356950385
67192 0.3868444464601163
67216 0.5744790943041711
67241 0.5028620770300454
67266 0.4321728420837375
67291 0.8549169440906426
67313 0.2945153983917632
67342 -16.952908028622033
67362 -0.6314065412362777
67403 -24.691010736469835
67426 0.4398319848291752
67453 1.0304574815892982
67476 -6.94793647909062
67499 0.721252543646024
67524 -2.6841247247009656
67547 -4.878208373040518
67574 0.5738263157272796
67595 0.5284062493622456
67617 -2.7461998031579666
67639 -0.7029037666404957
67662 -6.790616494253781
67692 1.784532954914349
67721 0.4016705070442823
67747 1.2371259638936671
67788 -22.67197566874745
67881 -7.7203245654113335
67938 -18.83015467149745
67966 -12.777908971172199
67990 -1.6535112787552828
68026 -19.751362501232613
68047 -0.6701754300084788
68070 -11.977723902831414
68099 1.400759646936438
68119 0.46056168419212395
68146 -0.16591341238043966
68175 1.2719912220401084
68204 1.5384880172539375
68228 -0.32265957730303907
68255 0.9418467708337811
68291 -0.022124165769104698
68326 -0.7359489981076521
68354 1.1497416537763994
68379 -2.5542238450012738
68404 -0.4624132851037829
68436 0.5733096755585494
68460 -2.7103540209967583
68491 -6.379696304520418
68512 0.4184330127303294
68533 0.2487509019053673
68598 -15.856157475063773
68619 -4.802532803088042
68640 -5.828595029668529
68667 -11.788574222216585
68698 -6.2196361274046765
68720 -6.795041218445071
68752 -0.7390518668353931
68772 0.3298511398917845
68825 -33.563647761006465
68873 -14.157822903855784
68913 4.067165449247455
68940 -0.1484712721935777
68959 0.19068680769127566
68981 0.39856878663575834
69005 0.8575745698317168
69089 -50.74974336648156
69114 -12.941296064764206
69135 0.31802486360754534
69190 -31.191961436276525
69263 -54.91615357566449
69302 -22.716523984327853
69337 -17.65021533178714
69373 -15.569204647334654
69394 -3.8401254690637994
69416 -3.881600377694051
69439 0.9172910124092287
69487 -27.052365827942754
69510 -5.909426980785382
69531 -1.6127559346985463
69579 -30.70246730169886
69601 -0.5496390342944035
69626 0.46021221093246334
69671 -17.132764345756435
69705 -5.112995852924507
69727 -5.759605636445154
69773 -23.335887387950322
69805 0.7400229073164868
69835 0.5520780007196184
69858 0.6181943376404354
69885 0.9253040364697352
69906 -4.735817521757625
69927 -2.7812330393737916
69953 0.5976122630901279
69987 -12.849290079548325
70010 0.7004138590358995
70029 -1.7662205182765467
70065 -13.432350183312778
70096 -9.443829521403124
70129 0.7855542575258183
70159 -5.2729331854683945
70183 0.44647047707581666
70215 0.3089067049230394
70245 -10.566256855109653
70267 -5.818634081526691
70298 -12.6113150889142
70321 -7.775620705966745
70347 0.9835195860622868
70371 0.8536435160599015
70410 -16.28076042682641
70437 1.1539451622699515
70471 -29.104679128816393
70500 -5.65344350875683
70561 -38.378897385438805
70584 -0.7387621139866836
70636 -20.376842823752632
70660 -5.64030771432276
70702 -25.758244206484168
70725 -4.721404906787719
70743 0.21656758601376935
70768 -2.6028968672702897
70791 0.6260434001537247
70816 -2.5706164382656294
70841 0.8862424111694216
70864 0.6079469247299775
70884 0.19555476159488416
70920 -6.797199235262971
70941 -3.710196083860979
70963 0.3435769165255915
70996 -0.7368219561758127
71047 -21.72253429349113
71070 -3.7863486584673387
71118 3.391530112440994
71140 0.7747670570043654
71203 -3.1655759714583365
71226 0.8623663004036324
71252 -4.717239696988866
71276 -8.9616782099267
71302 1.1448232760908046
71360 -30.52907271292111
71385 0.7965482707394996
71415 -11.635957833807538
71441 -2.806965525822375
71468 -3.2893963739507392
71497 1.4253202880570366
71526 1.4378961177634846
71554 0.24452099580129993
71581 -5.647598988351287
71616 1.4673847114242364
71633 0.13971624280027062
71660 1.1242002493757477
71685 1.0123587150303521
71719 -11.30735157004618
71749 -9.443660052811435
71772 -4.621731638637663
71797 0.9543660255499447
71826 0.2874946865886181
71848 -1.684837929055504
71914 -26.637061103638043
71941 1.23584774374646
71965 -7.757554013904294
71993 1.239593892949492
72014 -3.8399588514272356
72042 0.020474850189846405
72070 -0.01574271605143962
72098 0.27540327436081347
72137 3.946168975631421
72192 -21.056341707635184
72223 0.866478690533643
72245 0.3328010600249519
72308 -40.404931568593305
72335 -6.5297733414956785
72380 -15.17237570846086
72442 -35.364922088328925
72464 -0.5722814636995447
72496 -4.957103634325332
72531 -5.8790548472941
72553 0.702001835475892
72582 -1.0274714147330313
72625 -5.682827625630893
72652 0.7334513146845775
72677 0.7461870282349109
72704 1.1482256589151163
72725 0.7259348149193614
72751 -10.768262535059023
72781 1.4156994237803535
72827 -13.745206543162706
72853 0.8569868825417694
72885 -12.693687989785891
72908 -5.67456378430065
72933 0.8554959287097802
72960 1.161300097808162
72986 0.5294817941785926
73004 -1.9282344516013814
73055 -17.358796439255837
73084 0.14492491715013034
73140 -4.368841383111706
73166 1.0905169136452824
73192 -7.648885880552539
73216 -0.2022646452173692
73238 0.7390000607533911
73259 -4.736308835343076
73295 -6.2832534257916945
73320 0.7028158195643918
73362 -14.174745892631863
73379 -0.8657624125492501
73400 0.5071202118295265
73426 -0.029143239577892333
73450 -0.21547144274102048
73480 1.476145498689811
73555 -29.798827890575467
73600 -12.487772749589165
73624 -6.702169101619964
73653 1.5247079917290727
73677 -5.8282739877813
73700 0.6020404678519642
73725 -2.681236088784018
73759 1.1224672177027601
73776 -3.9103890294398633
73802 -7.656591699747255
73830 -7.657527750134877
73863 2.322177317291823
73887 0.8042038316922329
73916 1.091818440756831
73946 0.4072342588282376
73967 0.6702926288852
73992 -0.08510132807379178
74022 -0.16412228655364303
74120 -52.565296573262344
74278 -87.68208043117751
74303 -0.05345445540676186
74333 -0.6311153262771987
74367 -5.923251303752947
74397 1.723866584847195
74443 -19.964543634754257
74489 -12.843785577776838
74517 1.1633574071545447
74541 -1.4555707336462356
74574 1.071326754667052
74603 1.0756396157799137
74624 -2.796614534597975
74644 -0.6511593236854937
74667 -3.739070192263928
74786 -18.84798061864014
74809 0.7168083176765668
74838 -1.6821830691442754
74912 -37.19092464288346
74940 1.3020347354618789
74969 0.7917912336252737
75006 -6.977670847483097
75063 5.148358422118159
75086 0.6059598952969111
75113 0.04966171254808227
75152 3.0360652000432866
75193 1.425678721235243
75218 -5.598428816546989
75245 -7.596305690214442
75269 0.6873460263945679
75292 0.4913199009292084
75341 1.9434864081920966
75391 -23.886963010307127
75432 -6.928923761385693
75507 -15.749393363843595
75538 -7.228589345123434
75616 -43.280954875358034
75640 0.4474518987269487
75663 0.36423405357839167
75687 -0.41040211703672547
75709 0.5118605547890498
75735 -0.39516048099576895
75760 0.49914482198412025
75782 0.39228254039700394
75813 1.8544902847448996
75841 1.171437765353205
75872 -0.7546040497301454
75939 -31.259086322860128
75960 0.3963127036735832
75983 -0.36151747049253735
76005 0.6959395619652999
76031 0.0891274696171438
76052 0.51019993990264
76080 1.373716938788698
76100 0.3910952360167962
76123 0.8806534031969837
76183 -1.016376503559985
76207 -0.17655723838144632
76234 0.00994228400658037
76255 -0.405870133391133
76276 0.6872141416507994
76327 -15.079104894202441
76349 -0.3104876249222831
76371 -0.32388687482201806
76397 0.9859467286125028
76421 -0.5336785826972291
76445 -0.12158622586347578
76469 0.844139236508211
76515 -3.6499230084745347
76537 -5.8280631775914635
76567 -0.16239634602178554
76610 -13.926098856030922
76640 -4.3683995760271115
76663 -0.2327901498654985
76684 0.6404505808291946
76713 1.5126924059134048
76734 -0.49320739526150126
76759 -0.13744110348443273
76779 0.5430434025158047
76797 -0.8993837555468465
76824 -0.14366943960690592
76857 1.1437815216780463
76880 -0.26866603699482094
76904 -0.08689176073171645
76934 -0.8969319252860268
76958 -0.18262859420251554
76984 1.0339156895494934
77013 1.3116489171381454
77046 1.0236299792743067
77066 0.568793263121059
77109 -16.726673414298183
77138 1.0141296198282692
77156 -0.8782225675430038
77182 -5.714614295858262
77206 -0.10780176682540243
77247 -2.531581810287845
77277 0.16247459739202008
77336 -29.969243044386793
77358 -3.6896298614013032
77380 0.7718083970045198
77410 1.7400501264370032
77437 -1.1200081210699018
77475 -15.58909324186262
77492 -0.811382025871129
77519 -5.455883050814829
77549 -0.21004637126284598
77573 -0.1470009008995029
77604 -0.8142671392025496
77629 -0.05858114846935225
77652 0.8111818563970389
77675 -0.21172941823193137
77702 1.3668005361274038
77748 -23.412130160072994
77772 -1.7243439118902766
77807 2.045274813181604
77830 0.7374509115126299
77885 -36.59025644483048
77904 -0.6547938831828816
77932 0.34650318354180687
77958 -0.2096586140151261
77990 0.32608583208279374
78037 -6.010447591621368
78065 -5.658354020708739
78112 -27.50786322534957
78139 1.167534218172933
78163 0.647806552929716
78197 -7.014751094300728
78218 0.36194715566986724
78254 -16.54129618187223
78293 -13.074086568072893
78358 -39.506099207922944
78393 1.2006068789498388
78420 -2.2662415484163025
78458 2.0090329718432445
78482 -5.795060840685677
78505 -0.43351179333775913
78530 -0.09333062209734211
78572 -17.819368234432282
78597 -0.4302960636576695
78619 -0.6847569833953608
78648 -0.7812043550980561
78673 0.9689756187779411
78705 -13.638607542594091
78727 -3.7353232663350138
78750 0.43008818601011745
78768 0.31563677986355565
78838 -33.85103812667218
78870 -1.037980540394629
78893 0.8386113753892839
78936 -12.227279844367702
78966 0.016280618983878004
78988 0.6087361320910749
79016 -1.9878732321575379
79042 -1.163574887164613
79086 0.30364123651688146
79108 0.5844048232168569
79130 0.5607056314233083
79154 -4.6333910827872
79218 -45.589164781029886
79252 -1.5098185706705223
79283 0.03279357406973382
79308 0.8466372923907249
79332 -0.19731415665441
79371 -5.656663975838626
79396 -0.389285559511797
79430 0.1269224148429704
79455 -0.12289195237376616
79479 -5.790288625345022
79522 2.904888241263092
79541 -0.5707155734182511
79568 1.1821725321588503
79595 0.10524509545896743
79617 0.4764727065979907
79643 -0.2863606052636286
79684 -17.331039280376885
79706 -6.770440973617309
80095 -159.94470095218531
80119 -0.5372292055580336
80139 -0.6418720700646255
80163 -3.5606375861361053
80187 -0.2761515768019104
80207 -0.5010853716881498
80281 -40.56994505804041
80307 -5.597577582069031
80329 -5.7984600566952444
80357 0.7937478998531691
80383 -0.13215217149318126
80415 -13.60394537842365
80439 -0.49885884073959297
80462 -0.4162616593208528
80533 6.6348775034486245
80561 -0.35473387251667365
80584 0.3683884419326592
80609 -0.14494353348647815
80630 -1.593352501588316
80677 -11.769248421521803
80700 -1.4048094424802495
80724 -0.4154669606445388
80747 -1.5813270617287403
80770 -0.2581325985580085
80792 -3.7541888123409666
80829 -0.5163992213112565
80851 -0.4437810415824984
80877 0.8425568622960575
80919 -16.744859528419102
80943 -0.1180255309330428
80964 -2.6608379538317157
80984 -0.6512441851460434
81007 0.6064608126133049
81028 -1.5919640897228167
81048 -6.909636659467479
81070 0.45666714368953887
81091 0.4283875020034569
81118 -6.48161973070368
81148 0.06206051547508418
81184 -17.612362419827093
81205 0.5490465837116921
81237 0.2453601225917561
81259 -2.58499223166182
81284 0.5772179686128375
81317 1.701051122588677
81349 -13.575656071076459
81372 0.5224101956820117
81419 -2.831569549949538
81440 -0.6441846871330762
81623 -98.65783866170284
81643 -0.449004121617524
81663 -0.6330437661523866
81688 -0.08013981606550169
81721 1.7165356004444658
81753 1.8650990640339011
81803 -5.306593734331502
81868 -26.75181186673849
81913 -19.296046655675905
81933 -7.942291386116342
81955 0.5921307263726281
82031 -29.849112957783316
82067 1.373296783674295
82091 0.789006280350197
82114 -0.3255151295010743
82136 -0.40043058291086475
82157 0.2360568831942047
82182 0.7958975706776772
82220 -13.305554673177394
82247 -3.466699316678868
82300 0.22349062917350349
82330 0.09386810433740256
82379 -28.574464791235528
82415 -4.333377430388306
82438 -0.42598689025867587
82482 -23.80176748117186
82503 -0.6284171924847444
82526 -3.6133018716221645
82552 -0.33645685180677554
82583 -19.890055322911266
82610 0.9525361803846473
82634 0.8087789306241776
82666 -1.4897234324803539
82716 -14.071456781394573
82747 1.218599998658421
82771 0.708216770816658
82844 1.9533687970961657
82867 -5.676165933696783
82905 -8.804128819084081
82924 0.2501718337165806
82949 0.994673408763536
82973 -0.10607011112155018
82999 -0.05867685601903749
83036 -14.430002391141015
83071 -15.482736761512479
83097 -0.41057457259745467
83129 -13.584311734418227
83153 0.561292991809133
83223 -22.693448854945654
83242 0.22871736576841617
83263 -9.91969569166653
83653 -86.7270160170259
83675 0.7829852876415191
83701 -6.751709363345097
83731 -0.3053180589073289
83751 -0.572908445457014
83770 0.4597400498732154
83797 -1.0481619202088763
83841 1.990352994701614
83865 -7.7979518023851
83886 -0.34182558316240363
83913 -0.9923552476071777
83945 1.6013236756055256
83969 -4.731685322023084
83992 -0.17758091090956107
84017 -3.6105570107925233
84090 -12.102015254376925
84110 -8.920229160060039
84134 -3.5821575978817397
84163 1.113498399161191
84184 0.4957143609716579
84251 -7.089386288590955
84271 -4.840117208134253
84296 -11.875969899673196
84326 -9.560904608823343
84351 0.510196657600095
84384 2.120259801287987
84419 0.40928411891102945
84449 -13.717007252923246
84473 -0.4134209526031365
84550 -35.786601712336896
84573 -2.6327654925010533
84616 -19.899934785336548
84640 -1.4586355652355127
84680 2.9576048070104357
84731 -19.017818727842673
84761 -1.064891795548863
84798 2.421682248947911
84818 0.36933010322372806
84843 0.7877704670900042
84880 0.983965822974612
84900 -1.7749480516286444
84934 0.5340081131609853
84955 -2.7277102377738474
84981 -2.68679509321738
85006 -3.683648380775964
85035 -13.826541020816995
85062 -1.2513237607483645
85082 -4.880420844454413
85109 -0.09509025322130626
85137 -1.344769620781514
85162 -0.21589121137410883
85191 0.2598508781994646
85212 0.42818507842150233
85238 -10.923373891999558
85265 -7.824058292184775
85294 -21.073259216116085
85316 -18.063112983133642
85338 -6.870051415781689
85360 -5.875563957736448
85381 -5.8714978107033495
85403 0.29559505427203636
85447 -28.814587195668867
85470 -0.26170131577051536
85499 -6.663191990805743
85525 0.798963697946971
85552 -10.744864668068752
85591 -20.77674748959471
85617 -6.694193527989913
85641 -0.17844162294687482
85670 0.7283006597570851
85701 0.8724884147714752
85736 -8.224160862501384
85760 -3.5649471713046577
85788 -1.2305161187103482
85816 1.2182472678757406
85838 -0.30545350441499675
85860 -0.3069897059328818
85890 0.22673623745249039
85917 -0.12990440869205788
85950 -0.1440676698984611
85978 0.9052305256416916
86007 0.19378405720815994
86035 -1.158557706999699
86084 3.6018161588509683
86105 0.3639451591970847
86135 0.08216299972672436
86160 -9.826004174465549
86199 -11.501190150348062
86231 -14.724553334998538
86328 -39.56082307887698
86353 0.7202341667197809
86392 -13.368799154050745
86419 -9.670520612372831
86443 -7.770751207039185
86466 -0.22598049907063933
86499 -10.526890451578613
86528 -0.8272918648615308
86569 -16.109497806129923
86588 0.4700767742104418
86614 1.1005823092470532
86643 -1.9281705748366647
86685 0.6983913766093175
86711 -0.022290419730544908
86732 0.7626800665664554
86756 -0.16335635413064775
86779 -1.4210045953835997
86806 -4.50834348226779
86826 0.5427484146724976
86858 -15.790739292295546
86883 0.7964822226436773
86910 -9.667621738482481
86944 0.6112574235623529
86983 3.2469880300358267
87004 0.6252781083127302
87043 -8.049334846701075
87078 -0.4090850198420235
87112 -0.9627369916821882
87144 1.0061232740398398
87168 -7.800267898947679
87202 -8.172598578904267
87232 -4.065322432742138
87255 0.8424904070752991
87276 0.7374833903469618
87352 -14.05535713008281
87379 0.09394888945045099
87405 0.12123311186736085
87427 -0.2568159235857107
87449 0.7536346325665758
87482 -4.838401243277384
87516 -0.04085517192742416
87542 -0.18766364648586542
87583 -17.43349546907369
87604 0.6810025787867581
87629 -0.24743672445675713
87650 0.5154717976437166
87675 -0.242989625902985
87700 0.9620203059950032
87728 -10.66953070307837
87770 -23.624251638692858
87798 -6.582079003063612
87844 -21.06526103347639
87872 1.3786605786882422
87897 -3.658245879905593
87975 -32.498972502584316
87997 -1.8729433749419044
88024 -0.31338337814830286
88050 -13.899310999746238
88073 -8.87225837372154
88109 0.5853428827785443
88133 -1.7988029195420057
88158 0.8024935713599158
88189 -9.593049878701505
88213 -0.5762178029446657
88242 -12.755337201300392
88267 -7.691074913977215
88288 -5.86973718727053
88314 -10.780732371677818
88339 -9.807542242771788
88383 -16.012193832779317
88406 0.8286744700173845
88428 0.728694656491503
88465 -15.462421641773478
88495 -10.649174601345702
88521 -0.14418018367552343
88547 -0.12564361320454887
88588 -19.503873907267966
88613 -0.16299321572472936
88633 0.41849266629734705
88675 -20.040898307111465
88698 -0.3895859719677218
88718 0.567162625752005
88743 -7.838929007694835
88781 -19.587692835208202
88805 0.699752250593261
88826 -3.845419337423071
88856 1.11135540519967
88881 -0.2148604809235728
88912 0.2383623331969802
88941 0.34028807600380095
88971 -7.657001514927177
88998 0.9795226305612552
89030 -5.834475671549064
89066 -0.7198445543251419
89087 0.21025619972419762
89119 0.3182241921016917
89139 -5.873304113274466
89166 1.0034791581467553
89192 -11.847620617155139
89225 -13.720534345989503
89252 -1.2364933662087658
89285 -17.760027957257286
89331 -28.740908954901244
89354 0.18596139042767168
89376 -4.75375716867452
89409 -14.706393552266626
89438 0.1686171991769363
89484 3.5762377580799596
89520 2.276680524352055
89538 -6.944028250289559
89563 -7.749177480877713
89591 -11.723421904756394
89638 -33.124499460705785
89676 -27.912507788488128
89700 -7.775875530101895
89729 -11.65944108011005
89746 -5.946807733304338
89767 -9.89829020632488
89785 -1.8646051311442005
89815 1.2465872689776163
89833 -0.8404236464565359
89864 0.19619093503373408
89885 -5.855374534015411
89905 -0.8118452680228293
89944 3.688186929189136
89961 -1.866417375819401
89978 -2.889629877948805
89996 -2.8712807564098926
90014 -4.90784286541807
90033 -3.8295415430228146
90057 -4.875917398301553
90086 -8.65137072773035
90114 -9.671705871798286
90137 -5.7527847950253435
90166 -11.666881736556785
90200 -15.723676533801676
90226 -1.6625808209786281
90260 -1.9237392204633872
90291 -0.0873077623710693
90314 -5.832598505736003
90343 -0.2559593631107535
90369 -8.71145650032974
90393 -0.3284669268920011
90432 -22.827226323596
90476 -20.245858368279304
90514 -14.309902546705583
90550 -10.085335482925112
90648 -33.163057830342765
90668 0.24184059586251694
90696 -9.79078852179639
90735 -22.788402898551563
90786 -18.172822623449214
90803 -8.959585101362773
90821 -4.88167998825389
90840 -4.860403601895678
90871 -15.826730970510628
90893 -2.7162396302604535
90925 -0.9917466663671011
90953 -10.749077248231725
90981 -5.772634125438204
90998 -0.8634613607791535
91018 -5.866809284408054
91054 -16.848559691816877
91086 -16.85110265721692
91104 -3.891707083566903
91126 -14.059549866117383
91159 -13.831596105849538
91185 -2.4472559084560785
91207 0.5756276366432058
91229 0.32044676777323156
91252 -5.800921161850835
91282 0.15422146133485004
91313 -2.178087818564474
91333 -0.7659794497126844
91367 -3.1498650138075606
91420 -29.326829608010456
91442 -19.999761107936784
91499 -36.735032363034506
91520 0.4230104795264281
91548 -1.791011648410758
91571 -0.21588321606640204
91600 -5.429531137992688
91632 -16.78971169956607
91650 -5.926573003790931
91681 -15.814077312523061
91707 -4.670758657790547
91734 -7.848001856082618
91751 -0.8673269389435125
91785 -19.859317233043306
91812 -13.9397173064431
91834 -0.29992634279339103
91860 -13.857078938092007
91886 -15.902304320854626
91929 -18.044384533661116
91946 -2.88332403558086
91977 -16.838967124166707
91995 -0.791123815785816
92012 -2.8869932227871917
92029 -0.8252719202364865
92051 -5.812906630564504
92078 -0.10091395275339421
92112 2.4133006322441695
92130 -1.878420214645955
92147 -0.8040781315038269
92177 -18.940382129636525
92198 0.40028211269745473
92215 -8.960917272391942
92233 -3.8835069244524063
92250 -1.8794193865359734
92272 -4.721234032755156
92290 -1.8318987772317226
92309 -1.8904976947503136
92327 0.20992223284935418
92352 -8.715329092819747
92369 -0.8238853514571832
92386 -8.96170641383257
92403 -3.9093775233552606
92420 -2.9173128011331846
92438 -4.923350084611909
92455 -0.7950881971258806
92471 -1.8869329135868798
92488 -1.8746718443362154
92505 -0.8351332368625823
92526 0.47503542808409294
92543 -2.913377967379656
92560 -7.947202279767289
92589 -12.710581876522696
92606 -2.8838873157823484
92623 -2.889468492985957
92639 -1.886886378536269
92657 -2.8553728356407437
92674 -2.8887796674036244
92691 -1.8603808816676142
92708 0.25693864214840323
92725 -0.8118123846919497
92744 -6.887715801889111
92761 -3.918930279968807
92789 -10.732629487181342
92815 -8.685377354530036
92832 -2.88873925891486
92850 -2.886239188576926
92868 -6.924107749563165
92927 -15.123701975560447
92951 -8.804360782545812
92978 -13.87404270307371
92999 -5.818394113363571
93020 -4.881889811798899
93040 -4.831068154498226
93071 -3.8962221839753397
93087 -3.9050881634029104
93105 -5.926696484668659
93124 -0.838064881568699
93141 -2.8702439592491906
93158 -1.8718962529834906
93174 -1.88949800735472
93191 -2.8735366020106303
93207 0.19546334425593015
93224 0.2252284695674296
93240 -2.8930867046261004
93257 -1.8733729015016987
93275 -4.895400802999646
93292 -9.970141642826853
93308 -1.8959801732071824
93325 -1.8750810225370957
93342 -1.8658299750791498
93359 0.17167773248857
93376 -3.8868237941116077
93393 -2.8965037911810256
93410 -8.962576930965218
93427 -3.8967623295585834
93454 -11.74676095036131
93471 -0.8761608244553382
93488 -0.8522512393538701
93504 -1.891817060824795
93522 -6.94294480056081
93538 0.15845372007774627
93578 -18.99898585838356
93595 -2.902378532849752
93628 0.5818570711791893
93658 0.08905302209917831
93675 -3.9215753023137307
93692 -7.947174645696011
93714 -5.7811275194209415
93731 -7.943286185069538
93748 -4.926658541402456
93764 0.16093009524672164
93781 -1.8615524734768514
93799 -3.876903158840398
93847 -21.0668114599354
93892 -16.641933539491575
93910 -3.8917894142158067
93928 -4.86697814357555
93946 -4.889635275386935
93963 -7.95119181814788
93984 0.346052549217432
94005 -5.8283846389646525
94022 0.24232427845992677
94041 -5.886455569399025
94063 -11.994056209046818
94082 -4.870729916714637
94099 -9.970251650843114
94116 0.15016092237365086
94133 -3.940857281723808
94153 -3.857208525748839
94170 -4.925164530578316
94195 -5.810354486132654
94213 -4.896424727724221
94230 -2.862824774766762
94246 -2.9090575032640253
94263 -0.8658087498628343
94281 -0.8663898635905503
94299 -0.8826973296551938
94316 -6.977740625733514
94337 -5.861164949164959
94354 -3.883140529300438
94371 -0.8367354971036538
94387 0.16108304441820798
94405 -5.89101872033582
94423 -5.890059939670597
94441 -4.893846266774396
94458 -1.8824342301032093
94475 -1.8426207039445974
94494 -6.886344304257175
94513 -6.892707897438811
94530 -4.920244664023045
94547 -2.8879868057788074
94564 -0.8036611074317099
94581 -1.840475257748981
94598 -1.8542853973427333
94615 -5.929066954658387
94632 -6.941481393702004
94650 0.19569786546806556
94666 -0.8730548541907696
94683 -7.953018803154686
94700 -4.918967188518152
94717 -3.8933060651041203
94734 -8.962434566616722
94751 -2.8933728448022586
94767 -0.8236249019960105
94784 -2.8759773376120257
94804 -5.837614455758935
94821 -3.8897968448184503
94863 -23.691321219604923
94880 -2.897374615777682
94900 -6.8750244815984285
94917 -8.961761594620418
94934 -1.8564864974247794
94951 -3.9175581728556237
94969 -4.887351673093303
94986 -1.867527684597637
95004 -3.876079977515479
95021 -5.931641227063928
95052 -5.250949667367807
95068 0.17457306305849918
95106 -21.72364255119378
95123 -8.968444476819382
95140 -2.860020030855308
95159 -7.920012068784374
95186 -12.82818670264673
95212 -14.881965565386167
95230 -4.861839019383165
95259 -10.634223494322828
95276 -2.881026832780641
95293 -0.8444964853823732
95310 -0.8489909344007422
95327 -2.8764271205206158
95344 -1.8576052984731968
95361 -6.9524688051686505
95384 -0.4807837731826984
95401 -5.930326437436383
95439 -17.57852368148442
95456 -3.8805479631214084
95472 -1.8391851419211007
95511 2.183425185082898
95528 -1.8485072838127241
95544 -0.8892190723017002
95561 0.21487032194468036
95578 -0.8141254755437181
95621 -14.344741319055434
95638 -8.965673117959268
95655 -1.8652676778906494
95672 -1.8359581084340895
95689 0.1586670553589027
95706 -1.8345315045636914
95723 -1.8672294495549124
95740 -4.932665407793319
95757 -1.8633921786138639
95775 -5.899562543483913
95797 -2.682882329491566
95814 -2.884969150840587
95831 -7.954452941083211
95855 -7.72281365234937
95878 -4.66676529743979
95897 -6.897020021024949
95915 -5.891569862428769
95932 -1.8599399588188936
95949 -1.8711365767464425
95966 -8.961254896028478
95983 -3.9123189954054673
96003 -4.849544894253507
96027 0.5790585958545295
96044 -5.924376386455929
96062 -6.910679163189421
96080 -9.96540291861375
96097 -2.8720948587353465
96114 -2.8848428651556146
96132 -2.8328778816779883
96149 -6.95417632248102
96166 -1.8655631716935397
96184 -3.875041720143938
96211 -4.43781572401099
96228 -2.901461829478822
96245 -1.8704062291469616
96263 -3.855116334648387
96280 -0.8188493097907351
96297 -1.879238270005275
96316 -2.861419072684087
96362 -14.056480234612344
96380 -2.8371153128500346
96398 -5.894233820446299
96415 -0.8585462712748292
96437 -6.76397021618879
96461 0.7222056228183755
96479 -2.816183270424257
96496 -1.8743681002184953
96512 -0.8001092093082127
96533 0.46106951842076616
96555 -0.5371779452525662
96572 -7.960739181590438
96590 -4.924702364624264
96607 -0.8409908856681505
96624 -2.876007864939381
96669 -18.128240628679862
96686 -5.93796546085925
96703 -7.9561562621698
96721 -6.91802079538358
96738 -0.8853785470135269
96757 -6.910531952278529
96775 -5.887417936465714
96792 -9.969744453621065
96863 -16.9876879202507
96882 -2.7771976830769747
96901 -4.878024319937067
96919 -0.7846674631374573
96936 -2.886072185193383
96957 -17.999105501700797
96975 -0.7895396670922445
97048 -33.455626909241936
97069 -0.6188906228294055
97094 -0.3709273388435873
97127 -20.875372107701637
97157 -11.673584618831924
97175 -4.876721285186211
97191 0.18110851001116524
97207 0.16944690946692142
97223 -0.8111430683730952
97243 -1.8400742203725877
97260 -8.959572355932366
97278 -8.005067291075584
97295 -2.886110456204941
97312 -2.8922003933805183
97330 -2.8680731833811244
97347 -1.8677541853070005
97371 0.5777493889485704
97388 -1.8551390194250401
97405 0.21435724529703193
97422 0.24477686632231077
97439 -1.8640977433791375
97458 -4.83200340098396
97475 -1.8496108585258326
97492 -1.8584484087719626
97512 -3.805140426586222
97529 -1.8597679651403043
97546 -1.8486897334752843
97562 -1.8451594876304043
97585 -3.8531394428327275
97606 0.3850109715551612
97622 -3.9491999768643655
97638 -2.87960986409532
97659 -4.759366989571168
97676 -0.8368485208642326
97693 -2.893272497232452
97710 -7.962543548286238
97745 -19.999112280633522
97762 -9.97022064659942
97780 -1.8673918536043657
97797 -1.8560380141392079
97814 -2.8826075357917613
97836 -5.741347999373989
97854 -0.791730142150297
97871 -0.8748976052696047
97893 0.46891815958271377
97911 -6.93506791227821
97928 -2.8757455348815717
97950 0.2960817815682407
97967 -1.8681570376152323
97983 -3.923139054267425
97999 0.18121248489408937
98015 -1.8547357867963372
98032 -3.9179253671946532
98049 -9.971320937186702
98085 -17.76996791705179
98108 -12.90735282248247
98126 -3.946003733640612
98143 -2.896391105546307
98160 -1.8364305112102177
98177 -3.9002077748182176
98193 -2.870237291042066
98210 -1.8657256920617926
98227 -2.875646107554476
98244 -1.8612683413781586
98262 -2.863710563035184
98280 -5.894600340075748
98297 -3.8923154469855787
98316 -3.886889899235068
98334 -4.9094939337534225
98351 -2.8905347227651386
98368 -1.863141946391731
98386 -2.861999732739492
98403 -1.8353934359077364
98503 -21.885790171551843
98520 -1.8665282737484588
98546 -0.23680053102869225
98564 -0.7858381968160773
98586 -10.914101326849806
98606 -9.939447542869152
98623 -3.945032151094753
98640 -1.8467498906327915
98671 -18.895677507967164
98688 0.1726734248362617
98705 -1.8780704892570481
98722 -1.8783378517622553
98748 0.7797319015258378
98784 -15.639430014872158
98802 -4.888842718693284
98821 -5.881345499212689
98844 -11.899163517887953
98861 -5.942363762506172
98877 -2.8672963188806264
98895 -1.8035883239823303
98934 -4.634759109863005
98952 0.1866263803269097
98972 0.4168452299881865
98989 -2.8959194050672616
99006 -1.843004953585656
99022 -4.933669587361228
99039 -2.8331344413947157
99056 -6.941817871765127
99073 -1.8346677448071742
99095 -4.791960564674741
99111 -1.846768885457994
99127 0.17139682380383925
99145 -7.912382890655653
99182 -25.919970263091884
99200 -8.944638410086007
99219 -5.8829971879847935
99235 0.17790367278002117
99251 -0.8201724765671199
99269 -5.916838629439791
99286 -2.8495781880250575
99303 -1.8377333930599766
99320 -2.8951622546218423
99337 -2.885883970343873
99358 0.4352028858692971
99377 -8.943240129566032
99395 -0.8241386231838945
99412 -0.8657556629036312
99429 -3.967529418690907
99446 -1.8713231228514289
99462 0.17693681694394248
99478 0.18272104637454256
99494 0.20360248502243594
99511 -1.8673568112675802
99528 -1.8681356684784158
99544 -3.9162626697839285
99560 -3.925298669756916
99577 -0.7952808998693924
99595 0.19892504533190747
99612 -2.8843051349753557
99629 -1.8644835589010187
99646 -2.8824788179625562
99662 -2.8471412557061875
99678 0.19784716166684624
99695 -1.843374317698256
99713 -0.7929056207004676
99734 0.4282449410069785
99751 -0.8452032764150856
99768 0.21901239927942173
99785 -5.943498371493631
99802 -2.8831797827160033
99819 -2.8826944333732714
99863 -23.604588248922244
99879 -4.942294000271014
99898 -5.89084200551545
99932 -20.88551302110349
99950 -5.886219636638392
99968 -9.014955620065955
99991 -8.899902602865499
