44 -288.4573520338321
112 -348.5758664361628
152 -293.8984993841039
205 -277.87414479415173
258 -374.6205757966456
284 -223.30667645148276
310 -223.53933043919898
336 -222.83448730493615
362 -223.51512359250773
388 -223.54758092622674
414 -128.2939163293076
444 -146.908063661727
470 -223.5137400713318
499 -142.41338566201017
525 -223.5087053907192
564 -171.90427255931348
602 -259.08249744646673
627 -112.16575736530075
659 -140.61827642325292
718 -340.8065627102617
744 -212.10682930612452
770 -212.1123346015733
820 -212.25338603772676
846 -212.1123346015733
872 -212.11332510838082
898 -212.28698660701804
924 -212.10506362379874
950 -212.1269110145472
976 -117.03884045742574
1002 -212.12674518795404
1028 -212.9229453300975
1056 -124.79423919096982
1091 -253.15314707887518
1130 -289.541096265462
1177 -332.6942767109015
1204 -227.61235788206
1244 -192.80464142925078
1270 -222.49672681957526
1318 -243.53901803869235
1344 -223.51341115981023
1370 -223.5183553802941
1419 -259.57600786976434
1467 -351.1743033681961
1528 -426.24622617524614
1573 -331.19459008810844
1619 -338.3897880829917
1652 -164.58534616013955
1684 -251.0186784434883
1733 -356.71998943151993
1772 -295.31244793946496
1818 -238.86360841175352
1859 -301.18021623095433
1898 -200.52535752284086
1978 -551.7886666861873
2034 -383.4811409141887
2073 -294.08373384765866
2121 -240.19843975727602
2161 -301.0379756510978
2189 -138.22668948980012
2220 -151.61089746126217
2254 -262.85514511520216
2308 -382.04642516221816
2335 -133.19594610239128
2382 -339.79560080978877
2452 -490.8351118469441
2491 -294.08373384765866
2527 -179.79446469162565
2555 -138.82022306333803
2600 -331.6456586558849
2643 -319.00146202897815
2686 -219.55542303087816
2720 -262.9107280143521
2764 -232.06019888439576
2796 -254.05293740893154
2829 -257.4020033220885
2865 -273.9467753976854
2909 -231.3867999173286
2945 -277.7335830574742
2986 -212.00398253988897
3027 -213.20836011643672
3057 -240.28521151763996
3106 -253.5765787720706
3139 -257.9099120180964
3168 -238.42320826931206
3207 -294.08373384765866
3246 -200.04103702167234
3287 -308.12945221310815
3326 -294.083655467688
3359 -258.6482051231477
3393 -169.94014078711214
3425 -161.51333465785447
3463 -191.52165609072793
3492 -235.54723903835568
3530 -282.9527054012946
3569 -295.93579900153634
3605 -180.57962918282152
3641 -274.0460633071484
3674 -257.6483272903874
3706 -160.32851304743397
3734 -138.5570484859303
3768 -263.895582077846
3800 -161.44563272255095
3831 -153.1500065564658
3870 -294.07527125062944
3905 -268.66691697070496
3940 -268.7648892449274
3978 -286.36238207760516
4010 -158.64152415123658
4044 -263.08397081477005
4074 -240.70139370497836
4113 -294.08373384765866
4151 -289.18352095138766
4186 -268.4827539050722
4224 -188.56750453587577
4255 -154.3911966762626
4286 -154.52118365116678
4319 -256.2336643942812
4355 -277.73243299495596
4390 -268.51752499033296
4423 -162.6091912208379
4455 -249.04742799233478
4492 -277.2064012508465
4523 -249.21668706018465
4566 -319.92063933460173
4609 -312.24261100884144
4643 -263.57757504887024
4682 -294.0518470604379
4714 -253.61463384270337
4759 -331.12279959170405
4801 -217.70820162832047
4857 -307.306404958046
4888 -149.79124081817847
4922 -166.63958403901523
4955 -258.35378085631373
5010 -294.94569229188176
5065 -378.7177142276501
5097 -250.3281805194037
5132 -173.18407200983083
5161 -234.0411773485599
5239 -431.3155557091296
5274 -172.49701819545658
5307 -162.1095675043883
5335 -138.77940081502737
5389 -390.1129632622174
5418 -142.86188714433078
5457 -295.63647194889234
5503 -336.7418125864673
5552 -357.57468646494624
5741 -1130.2553889171236
5777 -176.6091297239055
5819 -219.07566866651592
5865 -242.53029636886959
5901 -184.36331113356374
5947 -336.5188813995323
5975 -233.8400440748962
6013 -289.28881164002416
6043 -149.52991933356128
6109 -358.88751223008455
6143 -262.91748683000526
6174 -245.58897766178507
6206 -161.18109541519289
6245 -294.08373384765866
6287 -212.80549470117603
6324 -283.6096022008536
6359 -174.831018499612
6400 -306.49821578955414
6431 -249.9920123452614
6463 -252.4160217426961
6494 -152.57352609436145
6571 -423.7770778379309
6605 -265.8854074246559
6636 -152.7618802432245
6670 -164.05560589456655
6705 -266.7016308245503
6765 -421.49850165640055
6793 -138.31161169415793
6834 -212.65713490964202
6864 -240.88711168011875
6897 -261.3128803705823
6936 -199.9624005381349
6975 -294.07943621831873
7019 -231.6633256148992
7052 -159.85774070169575
7090 -196.06295375142136
7133 -319.0236627327227
7200 -459.3502363930926
7233 -163.08985692163898
7271 -193.45063122777228
7327 -303.41838731256536
7358 -247.67367939558903
7390 -255.84077269537713
7424 -169.35450170652067
7456 -253.57976498945058
7499 -319.70827637501566
7528 -234.36895182839848
7561 -259.6861653570261
7600 -293.8786058135652
7631 -153.77652058807175
7683 -369.51475876392567
7713 -148.08309761771707
7752 -202.2694174527682
7781 -137.79354296866947
7815 -265.8070988375393
7856 -301.78195106533155
7893 -280.05556664182484
7925 -161.42069743600112
7958 -256.1386099462661
8002 -325.56793189400787
8042 -301.88346634980917
8077 -265.35176869390966
8121 -230.59638164435512
8152 -154.40001410079552
8201 -349.1582467299864
8234 -256.41974005773204
8295 -419.73118154901226
8345 -359.68495879195933
8406 -427.6508026587914
8436 -240.3414132349341
8470 -262.6793321751563
8500 -145.33918865519178
8542 -311.638597487011
8575 -165.68210917521637
8607 -253.64635906084436
8638 -249.20649838432746
8677 -296.0466717042458
8708 -248.40925688316543
8742 -265.1320030846854
8773 -247.89128351650572
8813 -206.25471441316245
8843 -146.32225237614006
8881 -195.7930395573064
8922 -208.35025701118846
8953 -246.84206725474377
8996 -318.49765524128026
9031 -172.7567008840208
9076 -321.95560750140714
9105 -234.97882021060565
9144 -294.0833756128526
9174 -239.43827933672907
9213 -199.86100818221817
9245 -249.31582787251804
9279 -262.9539411275607
9322 -315.2149461706065
9356 -264.01510679312173
9395 -294.08373384765866
9435 -300.7585884567196
9467 -248.5052584173603
9504 -283.4699217137511
9572 -492.9011675732893
9614 -312.6042740791896
9653 -295.9311719510388
9691 -195.02995711484354
9718 -132.98781469798521
9799 -523.6371768852898
9838 -294.08373384765866
9872 -264.4070626914794
9913 -306.90303167089155
9944 -155.04255039995442
9981 -281.59755907161946
10014 -162.90368340534738
10046 -158.1643431971743
10074 -139.1487000940209
10111 -273.96352155706074
10167 -402.05253150342344
10205 -195.72475867337002
10244 -296.12883901746835
10284 -202.52557803575087
10323 -295.2306962118779
10354 -248.71411993361974
10385 -154.03940793516833
10420 -173.16835170440208
10452 -255.83016231325922
10491 -294.36585227592843
10530 -294.08373384765866
10563 -260.03777041953555
10602 -294.08373384765866
10644 -310.33124087673264
10684 -294.96794907690656
10713 -140.89756706201544
10743 -146.27701253876054
10782 -296.08328755046836
10821 -295.93659519694427
10860 -294.01920356921397
10899 -294.08373384765866
10932 -163.7266485275165
10967 -172.7824755036048
11024 -312.4585757213668
11099 -407.2178691639562
11131 -251.72292589787287
11167 -176.5386871257905
11199 -158.2506227533419
11232 -258.6995823898497
11271 -296.0635300425672
11308 -280.70459699971553
11352 -326.13300729120726
11397 -238.62752077439174
11438 -212.1347109003999
11480 -313.7567165480459
11519 -294.1111578937821
11550 -248.0528922346243
11582 -253.69709725175682
11618 -183.8990592272092
11657 -294.08373384765866
11689 -253.5781144804678
11723 -168.57794067878916
11762 -294.08373384765866
11801 -294.08373384765866
11847 -237.942910240087
11886 -201.98370472657354
11916 -239.59969427707026
11945 -238.47253833521165
11976 -246.75552808927677
12018 -310.20522068205025
12052 -262.712000422927
12083 -247.37476996808573
12115 -161.56931724344344
12149 -262.0276559921455
12180 -246.32328485065085
12226 -328.8452212323852
12256 -239.15312549089256
12291 -268.41386694030575
12329 -190.85646214780854
12360 -152.40592088824974
12392 -245.4177106547765
12418 -117.27068707041691
12444 -212.11309675671396
12470 -212.1194200990502
12496 -116.62212284837535
12522 -212.1123346015733
12548 -212.1123346015733
12574 -212.1123346015733
12600 -212.11849898720374
12626 -212.12562671420818
12682 -233.83927422706182
12708 -212.1123346015733
12734 -212.1123346015733
12761 -216.65912581538075
12787 -212.10793647355297
12835 -212.03501216945864
12862 -217.25881658987518
12887 -112.1660897991687
12913 -116.88998259901935
12940 -217.06672573563435
12965 -112.10230576472863
12991 -212.11317673706367
13018 -217.59626204795262
13044 -212.1123346015733
13070 -212.0992450881354
13097 -216.5206928048852
13122 -112.11129248688977
13148 -212.1123507912518
13174 -212.10881119090118
13200 -212.1123346015733
13225 -112.16454065300454
13251 -212.1120757367945
13277 -212.1213125885028
13304 -216.73726818434628
13330 -212.1123346015733
13358 -125.70805180702173
13384 -212.1109327164911
13410 -212.93606404575405
13436 -212.37937801018683
13492 -332.83769202475366
13518 -212.25403265391753
13544 -212.1123346015733
13571 -216.43241407246484
13597 -212.39162880948857
13658 -255.21862442502476
13684 -212.09471456084157
13727 -283.72296876068015
13753 -212.09656888913577
13779 -212.82559114150266
13812 -240.43152498630172
13838 -212.10548271327758
13879 -275.4921293767082
13905 -212.09504033712614
13947 -182.89894026699363
13973 -212.11251478711688
13999 -212.28874776307478
14025 -116.83269070034136
14051 -212.1123346015733
14077 -212.09862634990122
14103 -212.2334481701693
14129 -212.1123346015733
14169 -272.5444809436954
14204 -153.5893072430882
14249 -288.1384899368562
14297 -206.01669237048543
14325 -221.24188104214088
14369 -200.063032842869
14418 -216.41019727789094
14444 -212.24527352908595
14494 -314.33631258031517
14520 -116.61149905909741
14636 -484.1279098687586
14693 -264.2810877072076
14979 -1335.5418377980916
15034 -346.10824519037146
15086 -349.890843375165
15120 -156.72877509628918
15452 -1589.4244647223331
15498 -311.13292347370947
15533 -254.9328866670534
16018 -2391.7456491230446
16073 -352.1355195568237
16109 -259.94585725093344
16145 -173.2878570314395
16616 -2200.948367906507
16659 -206.57779356089438
16713 -261.7260670553422
17213 -2336.7284354184903
17254 -196.57421802407504
17287 -256.6065115565116
17313 -128.17990460722544
17365 -257.8485798771197
17395 -233.66491283231153
17435 -276.1175601572297
17935 -2304.3036348723235
17981 -311.3969244994122
18017 -171.9204818922512
18293 -1417.5989120088038
18323 -235.96013441683812
18823 -2394.7548277476913
18993 -804.0418648263019
19029 -177.19259358368151
19055 -128.06200281161364
19087 -252.62513279494405
19117 -242.65330822050925
19149 -157.65000622488327
19190 -200.42184000967904
19216 -222.85453690225637
19256 -287.0658548904852
19294 -277.6927296316334
19337 -205.77275029168993
19368 -245.62567852238578
19442 -348.059828849784
19483 -287.5970406844418
19527 -305.60196850162225
19559 -240.3701492907206
19614 -325.32850475556825
19650 -255.84028676582113
19691 -271.44697584402127
19732 -182.49872551697078
19774 -185.90831978848414
19805 -138.0807069879576
19879 -292.2397042086188
19923 -285.92934811630727
19965 -275.9260244599808
20015 -317.9711496877901
20059 -282.9912198988717
20104 -189.51019106455448
20156 -309.5246028355407
20195 -168.68963851117826
20241 -299.94416532376096
20271 -230.09660611065433
20322 -315.926387975908
20366 -282.82796927482684
20410 -195.0118942887382
20437 -120.73511202177089
20485 -200.2652241944088
20524 -169.59463775324576
20565 -176.50627842685742
20608 -282.8268252973067
20647 -267.8065766777325
20690 -188.8580893515097
20729 -265.94023421883867
20780 -319.23904460818386
20823 -184.0646239680496
20864 -177.11439112507253
20923 -332.492966901544
20960 -257.8945521162104
20999 -265.13908860359857
21047 -306.19350582235637
21095 -297.03252979244155
21142 -199.4642433218464
21186 -189.40330899228675
21215 -133.02455720993828
21256 -271.51474070545703
21307 -307.29596031627375
21342 -247.99598308583896
21391 -296.8708531964206
21446 -318.0813815536201
21510 -247.44688339778259
21559 -199.96103998946467
21611 -211.78036328540077
21663 -218.69252998260262
21704 -174.25524901896313
21751 -297.38745641246373
21799 -293.6873615993864
21840 -271.59070612366594
21885 -284.7261502153763
21934 -295.6998713050193
21966 -237.93793082937324
22006 -171.06508967352917
22037 -234.05088806300554
22066 -225.44191319900088
22101 -154.09244284404727
22152 -304.98124617373435
22196 -185.98190265466584
22234 -166.07771662147076
22281 -198.07083336013773
22328 -292.934102677288
22383 -323.04440554150136
22411 -128.59201338802765
22454 -277.49816647994567
22498 -281.63894702232506
22539 -176.04093361776756
22588 -203.64601596153543
22620 -241.84627069140987
22655 -248.26658574335815
22686 -137.75429158763097
22720 -247.60051558500797
22764 -282.4346125619046
22803 -264.15289276603806
22849 -288.2006362897661
22890 -270.13739454523164
22920 -232.24593153129553
22965 -285.9675896736883
23004 -165.8089596101019
23034 -134.4434092137372
23066 -140.06776901863796
23103 -254.79203346231134
23140 -254.88674820624175
23211 -371.412839549651
23249 -258.45446897280544
23287 -163.742916479232
23315 -125.26811796374476
23353 -259.91242017626575
23386 -242.6581312448631
23415 -129.20693579178342
23450 -156.44815140062894
23483 -243.5099183643264
23521 -163.77042656381155
23559 -259.91384517362263
23594 -251.14548248314222
23634 -266.07702689698635
23673 -261.87157921573373
23712 -166.18392291676977
23752 -267.4448774897206
23791 -263.7105480498816
23829 -259.97428535498193
23862 -241.94734639282586
23899 -160.0434365034857
23930 -236.33601443904078
23968 -262.9978188083381
24034 -254.2970655350807
24069 -249.34610400090057
24105 -251.53077634588104
24151 -283.45437929538764
24197 -196.451110952974
24256 -325.62982933036665
24297 -271.4046801331275
24353 -311.72899051641457
24404 -302.0356079873793
24433 -128.46350342739098
24466 -240.12104385972862
24500 -243.61190698306126
24533 -143.79255941103062
24580 -290.42588584517733
24617 -255.8482614626736
24732 -507.6426211403565
24772 -168.98019489324747
24807 -248.12171254936044
24842 -249.64701717277532
24886 -286.43597114363115
24926 -290.8214976456154
24968 -299.10698547610764
25307 -1680.3610745350888
25356 -339.8593552468613
25400 -213.58063027763762
25435 -175.27388130271868
25469 -166.8867430672745
25508 -293.03271449104886
25554 -240.82016623956912
25589 -173.82795956502156
25622 -164.59287464220822
25669 -195.32935900162659
25695 -212.1064886754578
25721 -212.11305380175543
25754 -257.659541100708
25784 -238.85783944524997
25841 -300.9466920059126
25866 -112.11864456741016
25892 -212.10891257831048
25918 -212.1123346015733
25944 -212.1123346015733
25970 -212.1123346015733
25996 -212.1089922251099
26024 -125.86423779485824
26050 -212.10990022925722
26076 -212.10661581032343
26102 -117.60328899028536
26128 -212.1123346015733
26155 -121.65359952707962
26181 -212.1128200258291
26217 -157.6459453216031
26267 -308.25288725710516
26309 -182.82675783622855
26800 -2359.4018854467954
26826 -212.59611088042044
26872 -327.56399631820454
26997 -679.2609871430255
27027 -239.70091658125983
27054 -216.8395829376206
27080 -212.11387163131639
27181 -603.501666942744
27209 -222.06252674881227
27239 -134.2211188236268
27269 -244.20195116099163
27309 -298.98643659224956
27340 -148.79313490757883
27372 -252.46171072080995
27406 -259.74635202951515
27436 -240.27754434426492
27466 -238.2938667794807
27495 -140.15906100674133
27529 -249.80923643898723
27563 -258.3156765972881
27593 -140.3834186009241
27628 -158.38777681766547
27659 -141.00005814834753
27689 -137.83977932901482
27719 -233.02207125823605
27759 -168.4597827972103
27791 -159.29125259233277
27853 -322.86757025889716
27885 -156.2895101756768
27924 -191.6039260582613
27956 -158.0025725231321
27991 -253.26815930138164
28022 -138.89914178701102
28053 -233.66193839116292
28084 -150.81766778601008
28123 -292.2087687812858
28161 -280.40584935293805
28192 -237.17538555544266
28222 -239.68541699948761
28259 -159.80395672562835
28295 -155.5551805076441
28326 -139.22684793104276
28351 -112.43568000085158
28377 -212.30897637423885
28403 -212.1187578835891
28454 -220.07359494472476
28484 -232.28400772592673
28984 -2366.2290681916147
29012 -124.65295058828698
29040 -126.13049101414931
29067 -121.41030570487594
29093 -212.11688910661547
29119 -212.11995235264135
29145 -116.85369356190904
29172 -217.82121362688133
29198 -212.12786837307578
29231 -254.70166521105398
29257 -212.11359170932784
29283 -212.82683798813935
29325 -178.21095588004735
29351 -212.1211532401179
29389 -192.1488560073709
29448 -320.4039072951321
29491 -308.68632937256723
29580 -580.0948245895952
29616 -273.63800554026363
29647 -139.95533293944038
29683 -258.3041083301765
29711 -127.92181673661094
29750 -192.0041086917804
29784 -170.1699377927949
29815 -234.38781591019293
29846 -249.222974581913
29893 -341.45183656518316
29967 -492.4529534002164
30467 -2364.240338493411
30517 -301.85453073409406
30543 -212.11249948430424
30569 -212.11331911211332
30595 -212.1131804558396
30621 -212.1552100429609
30646 -112.17275494808976
30671 -112.10174383467529
30696 -112.1122476726403
30721 -112.17454080136898
30747 -212.11583447189935
30773 -212.11601455869274
30798 -112.12699701736145
30830 -238.29249742416093
30898 -438.0694387119306
30936 -264.8090421806646
30975 -190.6526376991239
31010 -249.99533122833057
31052 -185.90276407350126
31090 -266.74196634903353
31116 -212.11362697934052
31146 -134.50857561309905
31174 -136.61281479187326
31203 -227.31870915352377
31229 -212.70368285713403
31255 -212.1157550851964
31282 -217.47482585144888
31326 -198.97251459577387
31371 -221.6538253374829
31399 -221.59504688497594
31481 -485.70558138516475
31520 -266.64122217407805
31552 -250.04442793881555
31635 -424.63174785743064
31676 -182.81870830769276
31707 -242.41062474399786
31753 -298.0421152084102
31780 -121.0650896320811
31806 -212.14106152287474
31832 -212.11722500206122
31857 -112.10137379444667
31883 -212.11590535049805
31909 -212.11319077478183
31935 -212.1173284785037
31962 -121.67638348998956
31988 -212.09805542038185
32014 -212.43670055130485
32040 -212.13104214948984
32066 -212.11318205662747
32092 -212.11445456194738
32118 -212.11115240261614
32159 -177.94558747556357
32187 -222.21958898294523
32213 -212.11403654976493
32239 -212.10405616986944
32296 -342.3828731810439
32322 -116.58297767118323
32355 -143.89391630036192
32388 -143.70895628339395
32422 -245.99113022544998
32455 -243.76263328896846
32482 -216.67505704377123
32508 -212.1319938822022
32534 -116.5924265635198
32569 -155.6648242075859
32595 -212.12798202534984
32631 -255.48696628644677
32660 -128.41996752141637
32685 -112.16579348919392
32724 -172.8847866261183
32755 -231.97636129187134
32780 -112.10006531865346
32807 -217.2618773338841
32832 -112.1418233306289
32861 -226.6008284569176
32887 -212.300696243076
32914 -216.597269355641
32946 -140.62833464461696
32977 -232.4054085935917
33010 -145.30238931287352
33039 -128.9236025953946
33083 -278.01215967338226
33117 -262.08175830628494
33154 -157.7098773356301
33183 -226.57405391513123
33217 -243.73598167225796
33252 -248.15379841998538
33285 -143.77141056921036
33311 -212.11698731493692
33353 -278.6775161209235
33389 -154.86100519854426
33414 -112.12237133579785
33455 -268.1385363053473
33482 -217.31606058764083
33507 -112.18258800325815
33541 -149.29320034547268
33567 -212.10090512932837
33593 -116.58828830077589
33618 -112.22068887965757
33652 -247.14002176767755
33680 -126.36655409154675
33706 -212.15860428184502
33749 -282.6202307826204
33774 -112.11712185877693
33800 -212.15611073280616
33825 -112.15726816332044
33850 -112.18755101977396
33876 -212.14303297284002
33901 -112.16167857453222
33978 -412.1930498184315
34004 -212.5278478081392
34030 -212.13272888523449
34057 -217.3545254012174
34097 -277.38012868625725
34123 -212.10547662425972
34149 -212.255725617754
34195 -205.302239601553
34221 -116.82461006503897
34247 -116.81999080154563
34273 -116.76549351107977
34299 -116.5934771787267
34325 -212.13261942770018
34352 -120.32839966651086
34387 -247.81031326265025
34429 -278.91358457773237
34454 -112.12284892439398
34480 -116.587425826782
34530 -297.8958644768419
34571 -275.789861426606
34596 -112.16634941164375
34666 -378.834089272794
34692 -212.12584933721394
34731 -270.96273149614296
34760 -127.95564808468994
34786 -212.16026480874567
34812 -212.13488192880735
34848 -253.16986385982352
34885 -257.5538366761142
34927 -286.116918614412
34972 -284.0390807375625
35007 -151.8009128387328
35042 -247.3980720432936
35074 -236.7535429776261
35121 -290.1585568160528
35159 -161.60639346748968
35209 -301.39033467198215
35234 -112.16090366674041
35260 -212.16014832309008
35300 -175.36456989867727
35336 -252.64241731426034
35361 -112.15685779381961
35388 -216.66236077283196
35422 -247.6243085889891
35450 -125.34455763906045
35479 -226.49504072708453
35505 -212.23025988563137
35530 -112.1746487842305
35579 -306.2821711170347
35605 -212.14111641930214
35631 -212.14321763009173
35657 -212.1483530121405
35682 -112.17184510630199
35710 -221.83443376961338
35736 -212.14593303999968
35762 -116.5957685768547
35787 -112.30195563186226
35822 -151.73605350173546
35847 -112.13254150896667
35873 -212.17272076035445
35898 -112.14952771394249
35924 -212.18147637178078
35995 -266.6104753313006
36022 -121.98515253835035
36058 -253.29854002551605
36084 -212.49431496938877
36131 -298.9099299542628
36156 -112.1734257815192
36198 -179.53493364598316
36227 -226.47523702296832
36254 -122.36857995375406
36314 -351.91899934917853
36340 -212.15286125212583
36366 -116.6355184310197
36402 -159.56595692085693
36428 -212.19039520451682
36454 -212.13171430000318
36482 -221.85825255106403
36545 -353.9961365569933
36581 -254.18679445638708
36607 -212.20135821187353
36633 -212.91982377050795
36659 -212.1577456679025
36685 -212.1813022349495
36710 -112.17265494379292
36736 -212.15846192634086
36764 -125.99489189267885
36790 -212.12926324414764
36815 -112.20105967928471
36841 -212.13392770024223
36867 -212.10696478233555
36892 -112.19795455601222
36932 -271.284369425842
36972 -268.9971089199334
36998 -212.6152601525796
37024 -212.17318369296774
37049 -112.19868998046994
37092 -282.00570020643977
37132 -273.31027390077054
37160 -221.823711021734
37186 -212.18057736343488
37212 -212.11856820770757
37238 -212.22934333510057
37264 -212.27104577807725
37291 -216.76797719256524
37317 -212.15722856086592
37343 -212.1289153740534
37421 -293.10398174131507
37449 -126.32229851749682
37474 -112.31246723964338
37500 -212.16356720008665
37527 -217.51774810968936
37553 -212.5550381453289
37599 -287.60965045500313
37625 -212.137247715328
37651 -212.15081611118404
37700 -306.98673267733807
37749 -297.8931070610005
37780 -136.5892102622034
37806 -212.4075921927076
37842 -160.27393885497077
37909 -257.51034789768124
37941 -236.49992801045485
37970 -224.0584766940625
38029 -235.7605828851968
38064 -247.14637245019685
38142 -304.1087974856586
38167 -112.23411090714943
38192 -112.24233818902478
38220 -221.16559885319714
38245 -112.26122542061742
38270 -112.1976419589069
38295 -112.18968753321295
38338 -287.74986548455456
38369 -136.4655399987883
38404 -150.57760717831965
38429 -208.02617350801705
38479 -260.1515323997951
38517 -285.8463432662388
38672 -828.9022498914107
38709 -277.69831402479235
38758 -340.4023604633928
38827 -354.2848901268566
38913 -425.97959763653813
38948 -151.34173996278273
38990 -273.04508861128124
39020 -132.0675503251801
39055 -151.81884090007722
39106 -306.72400830881566
39209 -430.3919985793925
39242 -146.95958789668813
39288 -286.7232868781942
39326 -283.6572339577381
39366 -199.69834727448458
39399 -163.3401422646959
39436 -255.38061855853638
39461 -112.22298807861911
39491 -132.45986718067687
39525 -243.90628675806508
39571 -283.70025231615705
39599 -220.21585560540876
39635 -251.88966673032613
39665 -132.5200562029048
39697 -139.48408388870763
39738 -267.93300449699166
39763 -208.0675999891459
39793 -135.56543882764043
39831 -193.69214217240895
39880 -346.5653120355321
39917 -258.09849466713433
39948 -136.49874159245684
39983 -155.0900096922979
40010 -121.52365305532786
40049 -262.95027464900033
40079 -229.46673173655572
40121 -278.18267093103316
40146 -112.25773902858087
40191 -191.82012829336716
40226 -151.77581712994638
40264 -168.75702873389196
40296 -144.17912825832735
40326 -243.37122345292227
40365 -199.1492499251587
40413 -207.40341111322869
40439 -212.20459380061897
40470 -136.9058345140444
40519 -294.8736573933709
40560 -305.7158792944308
40592 -251.95394214455527
40628 -251.859291345729
40699 -287.95893542782034
40732 -166.9198049491954
40762 -228.20066842400792
40791 -128.48389882704305
40844 -312.577879142377
40879 -151.84108159277153
40908 -128.07913916013018
40950 -275.30964753124664
40979 -127.98379724585807
41010 -135.79205094580547
41038 -220.1293267336119
41077 -293.6307612891776
41134 -397.0351285449556
41168 -262.14209916699104
41225 -306.0080048859963
41260 -268.97140752651126
41287 -120.44912409230459
41320 -239.4436874716166
41356 -178.74121462231
41382 -212.25533488400256
41409 -217.86019018943722
41435 -212.26283132331585
41499 -430.3341240720522
41532 -241.5180967572037
41583 -262.86382893540724
41611 -220.39242552088135
41657 -286.0682387107481
41688 -136.48120600947988
41719 -137.7935857870725
41754 -248.0035992373832
41790 -251.82696725515717
41826 -155.56112312970333
41854 -220.4257785319865
41882 -220.1975198912451
41928 -187.99987959286926
41985 -229.228754803494
42018 -150.306771729458
42075 -400.5441247134629
42109 -170.2414475707058
42142 -258.4674190391245
42175 -259.3501504119935
42208 -258.5855667774518
42238 -243.24940544597297
42335 -566.2499239417989
42409 -350.7181780612724
42463 -329.324592679902
42490 -217.0251434918377
42526 -273.48927076267546
42558 -160.55742836761277
42610 -370.14073562935977
42639 -140.69118478863697
42668 -129.570928542577
42708 -269.4187986683148
42740 -236.99303896957784
42769 -224.52184505081186
42800 -233.82225387088275
42839 -267.68596997790684
42869 -132.33705670498333
42898 -128.14558641102468
42932 -244.4121927628188
42964 -142.25253067319863
43003 -293.5593692075084
43036 -257.4705366388082
43073 -157.95727100031155
43102 -128.287096603451
43134 -156.48888911158917
43167 -162.2314645343432
43212 -320.231580881303
43263 -270.3507590531458
43294 -246.20010479587694
43333 -295.4085193008591
43365 -249.77617115159205
43396 -246.5569017877631
43425 -224.3425190165753
43452 -216.91389451189613
43485 -239.81173082730808
43532 -297.36513130441926
43562 -136.82143828452286
43600 -257.213891440526
43630 -228.35984379905602
43659 -128.60566675678498
43689 -132.7902750684496
43719 -228.2948544826899
43748 -128.2694735583271
43775 -121.24539309156695
43850 -377.93900650027837
43881 -232.43494398648866
43921 -272.0037757766071
43964 -273.82712584450644
44005 -170.96566615589538
44035 -228.18742860958704
44061 -212.4653966686521
44104 -278.4987440507391
44144 -272.1112399979952
44208 -251.80675009781535
44247 -171.56718464498869
44279 -237.65565683717168
44310 -137.60078129564755
44350 -267.5974091376375
44385 -268.6007536108442
44447 -333.57183859609665
44478 -148.703906077032
44511 -259.33860394611975
44536 -112.43509482512341
44561 -112.37573602068909
44606 -289.8424143733986
44631 -112.40407543060631
44657 -212.32009105519992
44684 -121.73454382510462
44752 -303.64462591716733
44781 -224.91440511425662
44807 -212.71535467932378
44848 -278.46484406640195
44888 -271.11738471690046
44920 -161.30126713430118
44955 -248.02825374514842
44987 -236.4372741166583
45015 -124.45217856302358
45041 -212.3453368946563
45079 -265.22981041907724
45138 -349.92468282296636
45183 -288.9759785382498
45214 -136.40475688653254
45273 -234.2707331080422
45298 -112.26255617437201
45373 -408.76274651208496
45415 -183.17709757734065
45440 -112.24212138676809
45465 -112.29823059170454
45521 -243.06821426039843
45577 -232.56801505836566
45646 -452.2787087118433
45678 -235.76834768425758
45706 -222.1110021509158
45733 -216.77343145247966
45762 -226.40066111343157
45788 -116.6965898378938
45819 -235.48240579157158
45845 -212.35695796850302
45871 -212.55398158902966
45926 -235.50688679897814
45964 -173.18082996192365
46001 -282.49719865921486
46027 -212.51894225347587
46056 -130.28239823340107
46083 -216.40137310181396
46136 -306.8181504257848
46170 -168.1482349982376
46203 -144.00629753889473
46245 -274.2230690966147
46286 -176.20486961900528
46364 -327.1917448389769
46391 -216.68670448743978
46416 -112.39015515830299
46441 -112.28793810459652
46481 -175.71835708648908
46528 -297.1682360275069
46554 -117.09774845328008
46580 -212.28900939997862
46606 -212.28564670757228
46632 -212.30480082538713
46658 -212.3411328607221
46683 -112.38294544142363
46711 -126.08173389290509
46736 -112.36588545514938
46762 -212.2795607049099
46788 -212.34703456734601
46853 -375.0669093847327
46881 -233.25447700497259
46912 -235.71692889520955
46939 -217.12966443140434
46964 -112.24220807853017
46991 -217.00671416663448
47023 -235.87237397575552
47065 -277.2157375026502
47097 -253.67772348113172
47161 -344.89199858828886
47220 -307.61088889822497
47248 -221.6659453639187
47295 -243.43489460092098
47344 -351.1387482083504
47376 -239.82448084152387
47408 -253.51985238736978
47442 -153.5465006251044
47481 -168.65387210092175
47507 -212.25308750139538
47532 -208.11142007101898
47560 -220.46237433013823
47604 -191.0870152962763
47636 -161.23987628431985
47674 -289.25146130235805
47712 -284.40296080191877
47767 -294.7206391468315
47818 -367.170092859848
47848 -228.46704800020092
47874 -117.41232712851235
47928 -322.3824474479302
47959 -138.89565910677243
47985 -116.8571058503982
48015 -229.64135844205506
48053 -161.424344541758
48085 -161.0506641010459
48114 -129.45561248910184
48140 -212.50063376615137
48182 -177.90100630745536
48214 -139.83378300119355
48253 -264.12596644245866
48314 -247.6034206271172
48370 -229.48522182896383
48395 -112.36837156082832
48421 -212.2478659850965
48446 -112.39281620489373
48476 -232.46908229110147
48503 -217.5444452988079
48553 -309.97873895584246
48580 -216.73396237820384
48637 -331.31963885886455
48690 -227.6981557809669
48716 -117.14893628512864
48745 -226.348533632449
48785 -176.44160584377886
48825 -274.93665303760616
48858 -257.7884455897263
48888 -132.53059986911077
48923 -154.34531040717815
48957 -246.72259234915876
48991 -148.1095713827924
49035 -283.84181962752706
49069 -153.48357689982404
49135 -371.38087991014305
49182 -301.24490863509845
49209 -216.88132052682147
49234 -112.38804476176148
49260 -212.30090427456537
49286 -212.3300831120879
49312 -212.27155157173442
49338 -212.4110285358422
49363 -112.36494827252653
49389 -212.2675633934976
49437 -207.98741582906268
49463 -212.29934225928247
49489 -116.65664273638338
49518 -226.67224214223248
49546 -126.1292245587621
49572 -212.3110619565105
49598 -212.38003656176136
49647 -307.58193853317954
49686 -179.11994342259155
49726 -277.52407232607146
49752 -212.30778302878213
49778 -212.24678816477626
49804 -212.2952519128309
49830 -212.3034368953194
49855 -112.36835401259921
49881 -212.3253607689241
49907 -116.70944163302485
49934 -217.3334653162684
49960 -212.27850403141576
49986 -213.53761399359902
50013 -121.81021630116048
50039 -212.3791161037239
50066 -217.13200018859578
50092 -212.248918625896
50118 -212.51973932805686
50143 -112.24297513202619
50168 -112.24723865137545
50355 -899.9817751454968
50381 -212.2634933170841
50407 -212.55174904201078
50439 -144.48187367455398
50465 -212.28016422210027
50510 -295.4420749608182
50537 -216.92806328324468
50566 -224.91470657528743
50596 -230.64197313584472
50627 -153.60564120764838
50659 -159.10238168923132
50691 -144.05241497617493
50725 -261.2934437856991
50750 -112.21402113538416
50777 -217.40631420745197
50806 -130.35594659411095
50831 -112.25973426929265
50857 -212.2861911351177
50908 -222.12414903485762
50940 -252.05535412398828
50967 -121.8233836281996
50992 -112.23066176016722
51018 -212.45148292258585
51043 -112.20101311899437
51070 -217.8931295394675
51096 -212.31280535284344
51126 -231.3739864271473
51151 -112.20859123592028
51199 -307.93655171128376
51224 -112.18420005143051
51254 -135.33894889411116
51279 -112.25110820550971
51310 -235.33691666280077
51379 -393.9278132857297
51406 -216.9177560837647
51442 -159.59480818659893
51468 -212.22966621133884
51528 -356.60782423392874
51554 -212.44215121140815
51605 -316.490444203668
51635 -230.74383696930695
51661 -212.31824749801902
51723 -255.23592754783863
51748 -112.28355878334169
51774 -212.23817091447253
51800 -212.2525298510621
51826 -212.27704860191147
51851 -112.34002179751167
51877 -212.2627689213745
51915 -265.7523037580971
51941 -212.26572037977553
51967 -212.39738125496632
52007 -207.15473227756962
52033 -212.42504205793514
52085 -281.71968918276116
52170 -555.6815556656
52196 -212.43692245171434
52221 -112.3795924193487
52261 -271.0172820853164
52287 -212.2609241504477
52314 -122.16599455511634
52343 -131.12713650087136
52368 -112.26533543338563
52394 -212.83845812439796
52446 -223.1046315125389
52525 -436.2725460254772
52551 -116.78983066627775
52577 -116.81018504767962
52603 -212.30839398195468
52661 -342.8692311967511
52687 -212.33949355949508
52713 -116.65721501499215
52738 -112.25066044518968
52764 -212.39786961165447
52816 -217.91529628249128
52847 -139.743871849669
52873 -212.53986152133334
52898 -112.2748249726837
52924 -212.25926694576594
52949 -112.24090126739495
52975 -212.26104190614015
53000 -112.38634840048479
53026 -212.28606399232777
53052 -212.60129454621057
53082 -231.2585876420887
53108 -212.29495983230714
53134 -212.33425085096212
53159 -112.30119521249657
53185 -212.31352859482007
53210 -112.40339734591217
53237 -216.70308119372748
53265 -126.295716136987
53291 -212.31370317380959
53316 -112.39425016261977
53342 -212.25224825904073
53370 -222.16603603533108
53400 -231.37912988582065
53426 -212.25681950535295
53454 -221.79299304838105
53481 -217.04818934706782
53519 -168.9769993953844
53546 -216.8530676269818
53572 -116.82176792745479
53637 -257.8502660727312
53662 -112.32962288382923
53687 -112.1951708812843
53713 -212.27063082796053
53747 -262.9102834042725
53772 -112.26629938812641
53798 -212.41420710572706
53823 -112.23080983390182
53849 -212.56624914918433
53876 -216.74766177575833
53904 -222.02175561271198
53929 -112.40815721491558
53954 -112.33650381792287
53979 -112.29968378118028
54005 -212.2007786840444
54031 -117.42823939920534
54057 -212.3996273383729
54083 -212.2486968847164
54109 -212.4417418714554
54137 -126.67465408938324
54163 -212.3077185431754
54190 -121.50201795293533
54218 -222.08751947096684
54243 -112.38256701491376
54269 -212.279428219463
54306 -165.49915090433572
54331 -112.3931498395851
54366 -157.64365861449073
54396 -135.32551404983292
54422 -212.43526749353907
54448 -116.91581402671818
54473 -112.34911218398311
54499 -212.37986569892854
54536 -259.7009136358196
54562 -116.92074956808804
54587 -112.23924123440806
54612 -112.24790906154884
54665 -226.6202550852636
54691 -116.73973951984092
54717 -212.31674503204107
54746 -130.75007048881673
54773 -217.6345196175259
54799 -212.39214148344874
54825 -212.3067449837408
55239 -1918.9731140741453
55265 -212.23627995198
55291 -212.2570034654441
55317 -212.32974811327767
55343 -116.81941549128112
55370 -121.66061255711529
55395 -112.19861519290937
55458 -264.03985807285085
55484 -116.60418430488996
55519 -253.6863746718711
55545 -116.84620106377017
55571 -212.38978612241027
55614 -192.85788114201947
55640 -116.75916788069736
55666 -212.27260807905276
55695 -131.12116415248144
55797 -508.9541925765856
55823 -212.25914246950094
55877 -328.5973086802946
55903 -212.4261825661768
55931 -125.44291231185562
55961 -231.12621626520692
55987 -212.34317203980396
56013 -212.25862495377936
56040 -217.57166311689565
56067 -217.26306448199057
56099 -144.75171429772377
56125 -212.2686356651957
56178 -225.8751284005487
56204 -212.22354271015257
56229 -112.51082190045335
56254 -112.20259746999777
56280 -212.3052798717103
56307 -216.6725677644459
56333 -212.31378451528465
56358 -112.3028766684688
56383 -112.28816293850126
56410 -120.93444437891003
56436 -212.32869757561065
56486 -215.86546841058987
56512 -212.102344454377
56537 -112.24079914342245
56571 -148.01423235439105
56596 -112.1839904328627
56621 -112.17984989158626
56647 -212.24837633454564
56673 -212.31583134889047
56698 -112.2451458288288
56723 -112.18918515428028
56749 -212.45045712868648
56775 -212.27536911195926
56802 -122.15310070852566
56839 -260.0111935818875
56865 -212.2830870145013
56893 -221.02379893061482
56919 -212.3248281398808
56950 -140.06944390676443
56975 -112.2367660142598
57000 -112.2023153073027
57025 -112.22039519308406
57051 -212.30283730747595
57077 -212.83625723144036
57103 -212.41958514835088
57129 -212.4121146462316
57154 -112.21316148572961
57180 -212.5064280684267
57207 -121.86308400244863
57233 -212.3574212481079
57258 -112.2007131274075
57302 -197.55516221863545
57328 -212.23139366099167
57354 -212.37323036834465
57380 -212.45467484232302
57436 -333.96974672311177
57484 -343.26101119890706
57509 -112.35700626926356
57566 -248.2085027502617
57591 -112.24196085358078
57617 -212.26700325972087
57659 -280.108941627558
57685 -212.29910051583292
57711 -116.67858090490783
57749 -166.7188212796605
57774 -112.27982611372327
57799 -112.32566176980721
57825 -212.1636877803774
57850 -112.24402855614983
57876 -212.27740287053095
57904 -222.02834961978198
57929 -112.29519664361374
57955 -212.37424778013326
57981 -212.27411160137694
58024 -186.10145482261757
58074 -317.4860262231198
58101 -122.02228449883529
58128 -216.70555341106774
58154 -212.35118907726468
58180 -212.39165320226974
58205 -112.25682704187336
58230 -112.24344876830175
58255 -112.20069776329441
58281 -117.42183933341931
58358 -422.34631911034666
58394 -162.65237343834173
58439 -200.01042016759445
58464 -112.21722974159557
58489 -112.26244208061865
58515 -116.85503561936198
58540 -112.24072202373578
58569 -130.95920590605175
58595 -116.60980171102888
58625 -230.38073424601544
58667 -185.43681494377554
58711 -285.1788652923964
58751 -273.2701131065818
58778 -217.30454246430682
58804 -212.2173219890691
58831 -217.3041732351051
58856 -112.16992573679144
58882 -212.1003145941524
58909 -121.60577103961417
58934 -112.18698239571147
58961 -217.14875599485038
58991 -231.15525414966433
59025 -248.88410648273074
59055 -230.89580174153676
59080 -112.20691565703457
59105 -112.20871157554149
59135 -230.76996456734202
59160 -112.25586938776374
59198 -169.4092528506269
59225 -217.3531776735634
59290 -359.97326341393887
59315 -112.1797012007711
59346 -235.79668801694322
59371 -112.20658970347546
59398 -121.14167811573509
59453 -335.07250865403523
59496 -287.0655014973577
59521 -112.23414353084156
59546 -112.1684713993688
59572 -117.2646297296669
59610 -169.53985310636966
59635 -112.23652630108123
59662 -217.4329271657454
59689 -120.99796613635044
59729 -178.89741661069522
59754 -112.14569549315036
59779 -112.20687389674254
59804 -112.1894745853118
59829 -112.14199396615324
59855 -212.1101060458364
59893 -261.4337256731018
59921 -221.75841068320153
59946 -112.0887137461074
59981 -250.13114828608676
60006 -112.12212968933713
60031 -112.1287996781921
60057 -212.22400341463313
60122 -364.59857025397497
60148 -212.21094175869558
60173 -112.16182719749753
60200 -121.74525195651177
60229 -226.5259579754089
60254 -112.16313362971212
60279 -112.32897033293813
60304 -112.23539153120733
60330 -212.66057394894332
60355 -112.17975833511846
60380 -112.230286793177
60406 -212.2338379054822
60432 -212.31100843938876
60477 -198.89859958017243
60502 -112.19037900738398
60558 -245.10618740234247
60585 -121.6758747272698
60611 -212.11357999531361
60637 -212.37201375799987
60665 -125.42944268640211
60691 -212.3014381995997
60716 -112.18874820140124
60747 -235.08102032651067
60773 -117.18779468293575
60798 -112.18145488004441
60823 -112.19783089496711
60848 -112.15732518104717
60874 -212.13036885954824
60899 -112.14524768996037
60928 -226.7073228921439
60955 -216.81217849367135
60980 -112.15854477746464
61005 -112.1531190299186
61030 -112.19749387887187
61055 -112.17390229824302
61080 -112.23388500683377
61110 -230.54109735160358
61136 -212.59919791289536
61164 -221.73162648091102
61192 -126.38855759626935
61237 -198.53331220811262
61262 -112.19449965207544
61290 -126.33042341769038
61315 -112.1783226995581
61341 -212.25637810910257
61366 -112.1372297773263
61406 -174.4930748242085
61431 -112.12874219416453
61456 -112.21043145946095
61495 -173.51397859461284
61581 -437.1514545669597
61607 -212.11458649119302
61633 -116.83661220518906
61660 -121.82125781872118
61686 -212.11797882130583
61711 -112.15726154815732
61736 -208.02661356819502
61761 -112.17625714706679
61786 -112.19284085645654
61811 -112.16980795581615
61836 -112.18554567234146
61862 -212.27874590167667
61887 -208.17284975752793
61913 -212.3248067714178
61940 -217.17595253938055
61966 -212.24846315328614
61992 -212.25049492354964
62042 -309.2154292260694
62069 -217.8895182400155
62095 -212.2440947160018
62121 -212.24809031481396
62157 -160.41460277799547
62183 -117.29193562796438
62209 -213.0105665979404
62234 -112.22234550618404
62259 -112.18942216200118
62285 -212.26740032791582
62312 -224.2988769871647
62339 -121.7407541422903
62364 -112.28007468140409
62389 -112.31843724339772
62414 -112.2494361028919
62444 -230.42818075671866
62469 -112.17673414065196
62496 -216.99067918863042
62521 -112.1775850781552
62546 -112.17238432690883
62572 -116.59798958493373
62597 -112.157875459387
62622 -112.14912216260255
62647 -207.94823619077462
62672 -207.94541925577292
62710 -265.59346499276273
62750 -270.6525666999671
62791 -274.10612182419595
62816 -112.15563831636625
62843 -216.53300818543724
62875 -142.4907974222582
62904 -128.55099303991892
62934 -132.3969960292745
62986 -315.93499954759795
63011 -112.17288380324014
63039 -126.23880507912486
63064 -207.94749048168057
63089 -207.9618167912403
63114 -207.96364718387522
63139 -207.94648848832412
63178 -266.12528506882427
63209 -139.60965304392738
63235 -212.21200914877025
63291 -238.74355937102163
63316 -112.20684092883111
63341 -112.10519974127368
63375 -246.83850180687926
63400 -112.21800452545926
63426 -212.79431227751962
63463 -164.5757818084968
63493 -132.5318926135053
63561 -382.37406784153984
63631 -285.0474241792613
63658 -120.58313739048883
63685 -216.89846258596023
63729 -185.4726757553198
63755 -116.59553414708726
63782 -217.27593221657204
63821 -268.6238625677429
63846 -112.10745541861472
63871 -207.96372155555042
63900 -129.34499035757074
63932 -236.42938162963407
63960 -221.49127478581727
63994 -243.74629508965432
64026 -145.5862187644754
64062 -251.63541383802016
64100 -172.10408579426584
64125 -112.19942920892868
64160 -248.62802115008762
64185 -112.14610735450073
64278 -448.15222560910934
64306 -221.24360245494285
64370 -257.08257001715407
64398 -124.48964894581562
64444 -284.1486111230371
64471 -216.83280225146976
64498 -217.36299377875596
64530 -139.73413146403232
64564 -243.69262615427283
64618 -229.79388119636943
64648 -132.47457924494265
64675 -120.4792848563342
64702 -120.96989451544788
64751 -201.78712245380845
64778 -216.27522654376745
64807 -128.54569059076024
64834 -121.12632619128777
64884 -302.0865020673025
64926 -271.4162706973286
64953 -216.66426989857382
64985 -235.86260683357457
65010 -112.10633066855112
65035 -112.0982123967741
65064 -224.582842267878
65090 -116.52891472337994
65124 -243.16940644702345
65160 -257.47804492700226
65214 -315.8063131418819
65239 -207.96949710968443
65265 -212.39664153879716
65344 -377.7934950664486
65370 -212.2133817703947
65408 -266.6494531655042
65436 -221.29812766173615
65490 -225.52829315115545
65532 -176.81374067219247
65573 -176.89950037045423
65599 -212.3860934664986
65647 -297.1317380335911
65686 -165.2635723910535
65712 -212.31233616288026
65740 -126.39017000031556
65789 -301.24136908328154
65824 -251.3006431198271
65851 -216.29793763242247
65881 -133.2290515011744
65906 -112.35104651101085
65933 -120.44052276504705
65964 -232.4137100965498
65989 -112.3733888106738
66036 -194.3858820356841
66072 -155.11475060148268
66099 -216.6328932512714
66125 -116.66189366394299
66160 -151.23493907369658
66188 -124.21967007716692
66213 -207.95283929376527
66259 -284.0976536032365
66292 -239.92530294916205
66324 -139.623660237166
66373 -310.9416451463085
66398 -112.17224641827899
66423 -112.20315241112354
66455 -139.66962032154638
66493 -167.71818869257257
66519 -212.40039592497712
66549 -132.51152519908482
66587 -161.4816278680224
66616 -128.5316243863383
66654 -167.48429114527514
66693 -260.872621609232
66734 -172.04600041821266
66759 -112.22319369294499
66798 -172.83855196741882
66823 -112.21779049651883
66855 -236.45416406384638
66880 -112.3021495518552
66925 -280.2308577667978
66954 -130.55621583539067
66993 -172.41584999719916
67022 -225.7703245386303
67048 -212.38166427598867
67086 -261.39823432409025
67111 -112.2251713793361
67137 -212.21896062201085
67163 -116.81653843190743
67209 -204.64879513947778
67235 -212.16925865296912
67279 -192.05552766247277
67372 -450.52203814021266
67398 -212.45456647853104
67433 -151.86610065051408
67459 -212.3944761683112
67490 -136.60477194193626
67516 -212.69923878268804
67542 -212.38643921516683
67576 -147.0867015844622
67612 -251.97198939663002
67642 -228.44539237429476
67668 -212.3823384000863
67702 -151.1748781932252
67740 -161.97301356816436
67765 -112.32742087988375
67802 -259.15895520789854
67831 -128.5509077604777
67867 -256.3436970878763
67897 -137.0232270558366
67924 -216.82760508408785
67964 -174.13925583521447
67990 -212.39735828754877
68036 -299.6428686651087
68064 -221.78209067827322
68090 -212.28498165740305
68125 -251.95459629867324
68159 -246.7998723567755
68202 -286.62567545782065
68228 -212.33424344948023
68255 -120.59936585023927
68280 -112.39314963222174
68306 -212.49170261808575
68339 -147.2646062397992
68376 -262.9993567486006
68403 -121.03959085333702
68428 -208.08782628115495
68463 -151.81755516727395
68539 -387.94041387533736
68564 -112.19801025441117
68605 -277.06089975017846
68640 -155.5848965480371
68690 -304.61657974185266
68751 -238.30323169398895
68783 -143.2129097569286
68809 -212.33961915731948
68834 -112.40818630250484
68891 -339.27602899635
68924 -239.71880622673783
68991 -354.9861376075479
69024 -143.72474964652545
69058 -244.13541510590932
69083 -112.15855313712171
69108 -207.96735736133064
69134 -212.39438390691006
69171 -255.4327148923245
69196 -207.962799712215
69222 -212.37559358961744
69247 -112.28460462134039
69285 -164.27166960397915
69310 -112.11316860276676
69335 -112.24041409538192
69360 -112.13591187415152
69390 -135.3371856765054
69416 -212.39049655831553
69441 -112.41024873101114
69505 -424.0222791657824
69539 -148.0682706521561
69669 -503.38893135453037
69702 -239.62689180483986
69739 -258.2788791021999
69766 -216.75781131480315
69793 -216.4751518674115
69826 -240.3390185125136
69853 -216.48735831119518
69909 -240.62171407604833
69949 -270.7610116573966
70022 -408.3010263369186
70048 -212.51266735895086
70105 -231.41273616615862
70143 -170.841195783372
70169 -212.39837900789422
70209 -270.08779001509254
70259 -208.72830120495288
70286 -216.28891491049478
70319 -240.29004679720674
70344 -112.11742848830725
70405 -249.9713740470235
70444 -170.31786573468088
70477 -239.56137339803038
70505 -221.8184057725802
70530 -207.9489285956115
70563 -240.29929327675546
70603 -264.8233744512722
70636 -239.79688092891948
70680 -281.22928246072814
70705 -208.11354127077095
70730 -112.48960310346054
70755 -112.28618048737836
70791 -252.42138118425962
70838 -293.4526814836049
70863 -112.1629262820863
70888 -112.13953913205103
70913 -112.16214396975033
70938 -112.13312721646179
70963 -112.17422908340303
70989 -212.33235670757614
71038 -200.48107684397718
71065 -216.94268660407988
71100 -155.5505034898087
71138 -166.84061275139345
71169 -136.3983334207919
71200 -232.22977099065167
71225 -207.94010948887225
71258 -240.44157982278338
71284 -116.73869290916686
71318 -148.5373025222305
71389 -381.209395110164
71416 -120.50055717790198
71448 -140.03425725613164
71485 -159.60649579148782
71533 -199.36754694236757
71564 -237.480656811251
71589 -207.92793697493795
71630 -273.90351005308696
71662 -235.78204680942792
71693 -137.87235876215917
71728 -264.11888434530977
71759 -136.70748470581677
71792 -239.65735008759174
71818 -116.65930554914249
71845 -216.2014412119882
71870 -112.2005504731092
71916 -292.6436370920645
71942 -212.38181671710396
71973 -136.04044831834076
71999 -212.38315210343194
72036 -181.1810088797636
72062 -212.36960310523583
72088 -116.2744691293992
72113 -112.16816209183145
72143 -135.18263779186125
72168 -112.09129307538296
72221 -322.5599580970463
72251 -135.67641030817353
72279 -221.07076588623755
72320 -280.28485941015254
72345 -207.93984313645092
72370 -207.9327536003511
72395 -112.10520744466693
72421 -212.3503528953604
72449 -126.61393628742884
72474 -207.92616282332128
72525 -218.66210373549538
72563 -282.6704298713583
72588 -112.13461390784879
72614 -212.10112457590046
72640 -212.09915524506164
72666 -117.03717647175216
72691 -112.08711692130356
72728 -178.05060730796606
72753 -112.11056304595651
72779 -116.73904302933548
72812 -242.79335499112548
72838 -212.1086054901281
72879 -203.47928741746773
72904 -112.12009359468072
72931 -121.73348390242441
72956 -112.1047047072061
72982 -212.21873801140387
73007 -112.15856639864226
73033 -116.3961668830261
73058 -112.15331355481443
73100 -184.4987962757986
73132 -236.45328166759532
73167 -251.0859053416594
73197 -230.1331965802381
73249 -313.44826893098127
73295 -290.1907392049967
73351 -318.23530714934145
73392 -278.09561277107923
73466 -384.68152119837316
73507 -180.3975968173658
73557 -212.28288944340187
73592 -247.25479429421566
73618 -212.103973000819
73644 -212.0990522710586
73674 -132.4554363884656
73706 -139.8179960727033
73756 -212.50972082167908
73788 -235.70553128511492
73828 -270.54018667685466
73865 -254.18695848299254
73922 -323.1060614391389
73955 -143.3949229799002
74004 -202.07579207828292
74031 -120.38176152655973
74074 -275.0814027563114
74123 -292.858825373571
74148 -112.17150159684998
74185 -259.9984529628412
74211 -212.2179531171172
74250 -266.74211304360324
74275 -112.11138587906152
74309 -147.02623913348268
74347 -262.8820815184943
74404 -229.5570852474004
74443 -167.66212679763098
74497 -321.3249916293013
74532 -152.2323034618402
74560 -125.21234293279103
74591 -136.47547285958106
74623 -139.60822649399663
74654 -136.4471449499371
74686 -140.4486398524481
74724 -163.80390454329674
74757 -240.116319109864
74790 -240.06404098908476
74828 -259.19973602356424
74863 -151.27843430976267
74899 -255.21107211579252
74949 -304.13170094909333
74980 -137.95095369750499
75018 -257.8961741402561
75060 -174.58887410831048
75100 -271.2002176828231
75129 -224.48528085702705
75166 -162.71424567160398
75196 -228.7058999534377
75238 -278.4434062064712
75271 -240.18873711587867
75312 -269.34394224763855
75343 -136.6145903490462
75375 -139.49539574366239
75404 -224.43615780159968
75440 -255.1576947345234
75472 -139.51567307341986
75501 -128.55409957644306
75538 -165.63141277701834
75571 -143.37000041852684
75619 -297.28716263574455
75655 -154.5540643564893
75680 -112.08389859178375
75706 -117.25296978928725
75731 -112.11471448373952
75757 -116.46587412116081
75782 -112.14479373846673
75808 -212.34986158678583
75849 -269.9498253365333
75886 -157.92324262162512
75911 -207.93308581364408
75944 -146.83045144314178
75969 -207.9163165548439
75999 -228.4632947243219
76032 -240.26634070024744
76058 -212.36493020241443
76084 -117.30934173465144
76109 -112.12410039676527
76135 -116.56074698690678
76171 -159.13629614303923
76196 -112.36796368471802
76232 -250.71990645010015
76269 -157.9442100341116
76294 -112.14291212648166
76319 -112.08055738096549
76363 -281.1486837290704
76388 -112.07490441406641
76413 -207.9216766646433
76438 -112.38249869406391
76480 -185.3530582989903
76518 -165.24078336055192
76561 -185.40122891066258
76597 -154.0102984330173
76638 -183.88969454412464
76663 -112.12257747520438
76688 -112.1174043402471
76714 -212.09167101241448
76752 -170.7083912774641
76795 -185.8020673079822
76821 -117.21689350259557
76848 -217.2914316632681
76916 -269.930293414179
76942 -212.35984814090082
76967 -112.14090388071344
76995 -126.22352173142596
77020 -112.13914185593111
77045 -112.12234252950032
77070 -112.08389642016624
77096 -212.31343842045192
77129 -143.7504294164064
77154 -112.4948548317678
77179 -208.03460196057515
77225 -192.22023616349333
77252 -120.87102694524148
77287 -247.03039361882838
77323 -275.57904644857473
77349 -212.20420898528454
77374 -112.21666653023911
77399 -112.18502223929568
77424 -112.07475010324842
77449 -112.18495710568338
77475 -212.3447200033281
77500 -112.17740866426982
77526 -212.1181615589869
77552 -212.2496717820631
77577 -112.10969759252605
77603 -212.1908238628268
77630 -121.83847011606284
77655 -207.95720135170146
77680 -207.93703421118477
77705 -207.9286660422594
77730 -207.93579910658394
77757 -121.24384994081969
77821 -366.22472075976776
77846 -112.16933846766534
77895 -304.0800963931655
77934 -171.87028761803495
77960 -212.42376887099712
77986 -212.25047981425865
78025 -295.5344589131229
78053 -138.4919666131641
78097 -320.5043833445378
78122 -112.15121261073048
78150 -221.1614536799644
78175 -112.13143983073059
78202 -121.34129662836557
78227 -112.1205063841873
78302 -377.59101289321353
78346 -191.62021405375452
78372 -212.20839794874036
78397 -112.11340509174114
78422 -112.43244925451022
78451 -130.4732315015488
78487 -254.84317207350384
78560 -381.334533061871
78585 -112.12302227063338
78611 -212.26060547114253
78636 -207.98048142729527
78661 -207.93437848765853
78686 -207.92630739665597
78711 -112.10743907995533
78740 -225.8383433155061
78767 -121.84151571715965
78797 -135.66114784870456
78855 -238.3043593197162
78891 -252.228727094695
78928 -163.89581261143186
78953 -112.17619312846767
78980 -216.84920178803398
79007 -217.1366364256384
79032 -112.15450899771118
79059 -217.33427970173057
79085 -117.24504473690962
79110 -207.9386316362934
79135 -112.19674888129705
79160 -112.15828530458448
79185 -112.16921709004907
79211 -116.75373667787717
79237 -212.35912879351946
79263 -212.54133096766134
79288 -112.16281915024034
79313 -112.13278200455892
79339 -212.10512974003205
79380 -179.5144806061034
79412 -240.00549345283756
79456 -285.13816621981186
79481 -112.25401716642857
79530 -309.8190064228799
79578 -302.3595523962032
79608 -230.7351557445124
79633 -112.20623520979775
79658 -207.92520307681173
79683 -207.91009121826517
79715 -239.73024276723817
79755 -180.54760846096212
79783 -221.61601506615696
79860 -308.4907466573908
79885 -112.12475082778599
79911 -212.17187632030112
79936 -112.11707250397626
79961 -112.1721136219156
80008 -297.04114170043147
80034 -212.3710135308457
80077 -188.59725504724776
80103 -116.56961183201271
80129 -212.10566193632332
80154 -112.132876885378
80179 -112.1668419929309
80204 -112.15138190215951
80229 -112.139642788319
80254 -112.14863002259685
80279 -112.13659462228517
80304 -112.1410598773329
80345 -174.97095637537012
80371 -116.57057485739115
80408 -159.54992087638033
80433 -112.12953669651047
80458 -112.15566300429963
80483 -112.1319323728855
80508 -112.15616716768851
80533 -112.13282470279243
80565 -239.32586565313227
80590 -112.0923519870519
80616 -212.4608841438179
80641 -112.12261404816222
80667 -212.24173133472794
80692 -112.09952910314935
80729 -258.8374401393246
80755 -116.69655778285475
80782 -120.88642664852075
80811 -130.34808075787055
80837 -116.57108528882019
80862 -112.14089032733173
80887 -112.18384698046653
80923 -159.70256114821208
80952 -130.89219505692284
80990 -169.8103687221012
81029 -188.0599789396928
81055 -117.27418050159645
81081 -117.48931561240988
81106 -112.19248916441887
81131 -112.25199974437463
81156 -112.13540417030353
81182 -116.6824068072583
81238 -243.14389526806872
81267 -131.20373264473997
81292 -112.1569711984249
81317 -112.15411031805375
81342 -112.1136067527472
81369 -121.48576873236915
81410 -172.43725716566695
81436 -117.05485113149925
81461 -112.09916803692323
81487 -212.23299570721252
81514 -121.36520225819213
81545 -235.32894782233828
81594 -206.90923758619738
81620 -212.11937280959316
81646 -212.11288472955928
81712 -265.3098730742187
81738 -117.08140862821438
81764 -212.30418555513165
81790 -212.40520819344263
81827 -259.29836614839746
81852 -112.14765935721532
81877 -112.14346692346383
81902 -112.123657472742
81928 -117.01051442741492
81953 -112.12266660872714
81981 -126.15086255160851
82006 -112.09690381729379
82032 -212.22433604544904
82057 -112.12459265515253
82085 -221.8800936995059
82137 -319.36904201494036
82163 -212.11480804433694
82188 -112.1412409979683
82213 -112.14454418063161
82238 -112.15917020788113
82263 -112.16575594156416
82288 -112.19323109252686
82316 -222.2972319070816
82342 -116.8979067412364
82367 -112.13259174252077
82392 -112.1028697131535
82430 -266.9365036893986
82455 -112.16337219362819
82480 -112.0968520526151
82507 -217.05668408806454
82559 -231.92619707719498
82587 -221.6938707640435
82637 -309.39913005386427
82663 -212.3223999892171
82688 -112.18107429729292
82716 -221.91660508103502
82767 -348.34240225714314
82793 -212.23703465145235
82820 -217.1257672680175
82845 -112.12693379826003
82870 -112.15323379234371
82895 -112.12261141123722
82923 -124.87349480105303
82948 -112.12397473053052
82976 -220.71329017786536
83001 -112.1622956335288
83028 -216.75297471890565
83053 -112.12997306961238
83079 -212.1135676334677
83104 -112.15294441696823
83130 -212.48090317562458
83168 -262.0316389592235
83193 -112.1572892514746
83220 -216.8094618114888
83254 -247.89503087225677
83279 -112.12076847794086
83305 -212.10733519564545
83335 -230.8387352459494
83360 -112.11582419908585
83397 -261.1676073800599
83442 -192.55344244720428
83469 -120.98943005518409
83530 -334.6868249993983
83578 -213.20051172210586
83604 -212.10901301913708
83660 -310.07980292044
83691 -232.50913318759314
83723 -139.55978918584162
83757 -246.17188112003834
83801 -184.565319620821
83826 -207.96632768181553
83861 -253.69187544305092
83888 -216.191437329885
83914 -116.73465243598473
83993 -314.51878939482964
84045 -209.17496059386932
84080 -250.4624708992681
84119 -263.64732072227184
84163 -183.14975159549297
84210 -191.6888271404817
84242 -144.16450635181343
84276 -247.66074593036848
84320 -279.8477554671289
84359 -263.6560815950139
84388 -225.29149515284055
84418 -229.45748523702383
84457 -263.6541883812166
84490 -144.10143982974918
84534 -184.54344589648946
84573 -263.6560815950139
84612 -263.6560815950139
84663 -205.70482218022605
84704 -270.78597472257417
84741 -259.88117602695485
84780 -263.6574868231859
84819 -261.8868027839557
84858 -167.51204090511635
84909 -301.46186216661647
84939 -136.1011270864758
84973 -245.15749199370404
85003 -134.267734084706
85051 -292.58874261643945
85080 -225.40684577582272
85117 -255.2255461074606
85351 -1087.1683513084677
85390 -263.6640807493205
85423 -146.4890691888333
85462 -268.2641146506206
85504 -273.0785945523247
85557 -212.5632690226046
85590 -144.7472974247105
85629 -263.660744391
85668 -263.6605317491316
85701 -144.02494682869926
85731 -134.1256034872034
85762 -233.0643905187962
85806 -279.20317089115747
85857 -313.29600808527033
85903 -185.61893305032436
85932 -224.42597781578306
85957 -112.1331135985608
85982 -112.13412373193678
86010 -126.7679734584645
86035 -112.14999225068242
86060 -112.15347556922369
86085 -112.15311780366729
86118 -240.02043427624295
86143 -112.13883425091296
86171 -138.08258887583776
86197 -212.40884835102736
86237 -269.32926970723656
86279 -271.66376110546537
86304 -112.1806345899881
86329 -112.14963672107284
86354 -112.12298190815372
86380 -212.19538938136776
86405 -112.21061136560066
86441 -253.20220294636104
86517 -395.4990356389404
86556 -267.70534258601685
86583 -121.61786514330335
86618 -247.04902450003664
86651 -239.47660346076432
86679 -220.92651288784165
86716 -161.46952757791482
86745 -128.54347174421974
86810 -353.86518470250815
86843 -143.37434834847474
86870 -216.1733967839089
86905 -251.0660855514309
86940 -247.71007760300512
86977 -256.751221345731
87011 -244.11266729066023
87067 -231.1743908096869
87095 -126.20381804700412
87120 -112.1791228953701
87154 -147.090930412707
87188 -146.98309719988544
87214 -116.7590884852021
87259 -287.02336743046385
87285 -212.4353485506275
87331 -187.97889089578987
87368 -261.856377916719
87410 -270.50444391023666
87436 -212.1081702599065
87479 -184.79205222458512
87512 -243.11190249012478
87550 -161.56368184250647
87579 -224.42622471568586
87605 -212.41553020709682
87637 -238.0049798413777
87682 -281.3289447786468
87712 -228.7534275229782
87741 -224.45331239184154
87772 -232.42787595509782
87808 -254.31959970672736
87835 -216.5419624074063
87860 -112.13442836572189
87885 -112.16728828423365
87919 -246.00218259818593
87948 -224.4542683344235
87977 -224.42093835667765
88019 -181.4178416086679
88044 -207.990491988443
88069 -112.14429156546036
88094 -112.14454651140225
88119 -112.11500731548603
88144 -112.14036680259238
88172 -221.65666112665014
88210 -166.57536838953368
88235 -207.9507063448096
88308 -280.4938546641304
88341 -239.5369551239316
88368 -216.55766600952805
88402 -152.9302553181539
88435 -239.4784250236131
88460 -112.14872254022251
88485 -112.16989057034023
88510 -112.15728893411682
88535 -112.16284600995533
88564 -130.5096155822917
88590 -212.3652777235834
88615 -112.13479489209189
88640 -112.1457814457692
88678 -164.5804574764138
88703 -112.1631985026479
88742 -267.5100065367204
88768 -212.78612761780084
88816 -295.66100364920874
88848 -140.4033701884943
88874 -116.83711310583698
88900 -212.09815988640457
88926 -212.1158848586258
88952 -212.11851415120617
88978 -212.096827656193
89004 -212.11359502246216
89029 -112.12051037207581
89054 -112.1529000881089
89079 -112.17910308443697
89104 -112.16561510689259
89134 -230.74047380080606
89176 -187.10166174639815
89203 -216.70068444917504
89229 -212.15088243592572
89255 -212.51913160549827
89281 -212.1483721740184
89306 -112.12492922448588
89331 -112.15161156621986
89356 -112.14107768434263
89389 -240.3368995398001
89421 -139.54273911631452
89455 -243.63825063245838
89482 -216.8284839999284
89512 -230.85799403754376
89538 -116.60371486278567
89563 -112.13132796488448
89588 -112.1328408050663
89614 -212.43644253425802
89647 -244.18932301188295
89688 -270.04267380129147
89713 -112.15818666988174
89738 -112.12748959554324
89763 -112.13127763328401
89790 -216.63432806642913
89837 -301.4744812553007
89863 -116.6107069834939
89892 -226.3557454766664
89919 -216.65003454440088
89957 -262.94511653765477
89982 -207.9450271399017
90008 -212.12200866792926
90034 -212.10752036935907
90060 -212.1178610590364
90086 -212.95817590175272
90112 -116.62046797798328
90138 -212.13789005326262
90164 -212.10939590190878
90190 -212.12907716196764
90215 -112.0933746444425
90241 -212.11231099670422
90267 -212.11266910798795
90293 -212.12388994832548
90320 -217.38961559280048
90350 -228.11339816730253
90375 -112.12542862692824
90400 -112.13233875182249
90426 -116.57853097129279
90463 -158.8818172430861
90489 -212.4331297588571
90515 -116.64531684735947
90541 -212.47660266682004
90574 -239.9292811594713
90599 -112.16115379737116
90625 -212.17471954502167
90651 -212.56223859402616
90678 -121.84774168530764
90703 -112.1257633776158
90730 -122.07978740416256
90755 -112.13764973944527
90796 -275.7119026230514
90821 -112.11123978659383
90848 -217.3564916553117
90874 -116.77798543142245
90902 -222.1382994705359
90928 -212.36633896175454
90954 -212.12298252968395
90980 -212.11080057769902
91006 -212.19125788751677
91031 -112.10885249334159
91061 -230.99740453360351
91086 -112.13742820623801
91133 -294.50830286800954
91174 -278.4547977937159
91220 -284.1660615155922
91256 -154.56947393894598
91281 -112.12621369239204
91318 -164.8880333330111
91343 -112.12496096064991
91371 -221.6704542198774
91396 -112.11827758195761
91427 -232.86147697237652
91456 -128.5791753386936
91485 -224.47994584872015
91527 -271.2617316638631
91556 -224.51200595907105
91610 -313.6783125857795
91636 -212.11531310767273
91665 -131.34081501338662
91690 -207.95233336228597
91723 -241.05088889821258
91758 -150.6895416078857
91783 -207.9492331811557
91808 -207.93316429578937
91839 -232.7621561915401
91870 -136.56805841989225
91896 -117.35587322472898
91921 -112.13232098609363
91954 -239.99164976216278
91983 -224.4416825905018
92018 -150.75403459865942
92044 -212.0997157894039
92071 -217.22207898353264
92097 -116.56771525245819
92123 -212.30942887554684
92148 -207.9768518682439
92178 -133.86093677152664
92204 -212.1332938852952
92230 -212.097155125445
92256 -212.08296284481003
92281 -112.10300941160406
92307 -212.35987554477157
92332 -112.09748746518655
92371 -171.49837627535493
92438 -350.46313020953363
92468 -231.19761014220654
92494 -212.14928718258477
92520 -116.77557264054428
92549 -226.5951515046063
92574 -112.20111188631223
92607 -239.449131102149
92633 -212.10151138177105
92659 -212.09884792800688
92704 -192.85067925673948
92746 -187.60316739409237
92772 -212.1032901991582
92811 -271.3339291919377
92841 -230.1837127135223
92881 -264.5034657281606
92907 -212.09621547735844
92933 -212.09788259697922
92958 -112.14849265090791
92985 -216.7095349535586
93010 -112.09593643043343
93036 -212.0980691564391
93062 -212.09449902786184
93089 -121.63850210109045
93114 -112.24875059690324
93151 -159.63860053067992
93195 -286.9438210657815
93222 -122.14006910460766
93259 -157.8607222039751
93284 -207.9321141866016
93313 -128.59266834414265
93365 -315.15199650116097
93391 -212.09867208274676
93417 -212.09765199143504
93443 -212.09911990547
93470 -121.87500219836316
93496 -212.0875452186345
93522 -212.1048117563863
93551 -226.31134084021193
93593 -187.03286931555064
93619 -212.0957455194436
93645 -116.6449444124191
93672 -121.98861532095187
93697 -112.08277662791164
93737 -277.0322593733241
93767 -230.25902189426037
93795 -221.68903072971662
93821 -212.09457707824478
93847 -212.09258956548769
93873 -212.0946582371629
93900 -217.29140116626482
93925 -207.92522469640923
93982 -235.14143038864816
94008 -117.31105867419944
94034 -117.33998372838094
94060 -212.1425718479331
94086 -116.65520165057501
94112 -212.4275086577351
94138 -212.09740785956313
94180 -279.3325152465601
94205 -112.11034110736743
94231 -212.0939534714565
94257 -212.0916176758673
94283 -212.14509637945378
94323 -272.850725025668
94348 -112.16930897985378
94374 -116.86149353748533
94401 -120.29364332491336
94426 -112.1410701721685
94451 -112.1415564705392
94477 -212.1853121149856
94502 -112.1346118736182
94529 -217.07843980014906
94554 -207.94935285918046
94579 -112.11541975686018
94618 -270.00007859074304
94648 -135.1194162398111
94687 -174.45296117650645
94712 -112.1173669953601
94753 -276.31425859855995
94779 -212.5395277206729
94809 -230.40780839433722
94837 -221.70337945337997
94862 -112.14052218435076
94889 -217.22211279402404
94956 -262.3906119130797
94994 -261.88055887909076
95020 -116.7703713784274
95045 -112.12041601416277
95071 -116.86363227364264
95096 -112.13180680632456
95143 -205.25113512644083
95176 -239.58915135370552
95201 -112.15573336910774
95226 -112.14166220568444
95251 -112.14025132711514
95276 -112.13603215162786
95303 -217.50955032740086
95328 -112.13904603119128
95353 -112.46695838477757
95379 -212.17717772653094
95408 -130.77728041885513
95453 -290.61951584375254
95495 -179.40596308041057
95520 -112.14635984763308
95549 -225.9817415626614
95574 -112.1264297724788
95602 -221.90315599257434
95627 -112.13537354276536
95652 -112.13118647242553
95678 -212.2271303576619
95745 -341.8166982589273
95798 -228.98028430892217
95823 -112.1528257030107
95850 -121.10305758381278
95875 -112.13760804905947
95931 -333.3051614911625
95958 -216.65996143832032
96001 -282.08868435646866
96032 -138.61284548973475
96073 -178.7013800176479
96098 -112.14265361207174
96124 -212.32307978581343
96149 -112.15005393628485
96176 -121.62047024558592
96202 -212.33203770173583
96227 -112.123975449337
96253 -212.6070742918188
96278 -112.11834266009791
96305 -216.6226017363655
96330 -112.11924073767352
96390 -262.8676898472228
96415 -112.1489400446829
96442 -216.60527815482948
96482 -180.04793194130298
96510 -126.0947081985392
96536 -212.36159703595212
96562 -116.65239094082897
96608 -283.97716435903897
96642 -149.01536195081482
96712 -379.2819959858421
96741 -225.70526291544047
96766 -112.08362386031119
96791 -112.14772201555404
96817 -212.10011294909728
96843 -116.74129429203948
96871 -221.25414300514035
96897 -116.72219807704698
96949 -216.6676074833412
96974 -112.13830110661837
97000 -116.6252426117377
97025 -112.15679100931928
97076 -321.3913751457834
97101 -112.10831305131168
97128 -217.10979150234738
97154 -212.2903224243077
97179 -112.08008425161762
97204 -112.11954777339649
97230 -212.19802951208902
97258 -126.36923224953493
97284 -212.1107039159151
97309 -112.12629971871054
97334 -112.09868068378375
97359 -112.12963402144852
97399 -177.50942812132232
97434 -156.05086204468225
97459 -112.10970428987402
97497 -164.52195039590316
97523 -212.11418604940474
97549 -212.18787419632946
97574 -112.12010722447525
97635 -348.86994093679124
97663 -125.69707071008902
97689 -117.10870624959907
97714 -112.13162193113341
97740 -212.41908742381622
97766 -212.1783998658015
97792 -212.36670189652878
97820 -124.81917389478856
97847 -217.4183257951187
97873 -212.4566656118767
97915 -175.68590973276415
97940 -112.12103681306102
97969 -225.93426527260024
97996 -121.8247684011219
98047 -304.4682061310047
98072 -207.98094533514256
98117 -294.2660868435031
98142 -112.24899717615894
98193 -207.82435196831545
98236 -283.56583398957855
98261 -112.1320759692852
98286 -112.10430986640824
98311 -112.17846582469303
98336 -112.193636525931
98361 -112.10104684142281
98386 -112.16455364066303
98411 -112.12108719429169
98437 -212.18226086691965
98462 -112.14899767304813
98487 -112.1267068879293
98513 -212.49405036044018
98539 -212.46180419478583
98565 -212.10348433284665
98591 -212.1012909041906
98617 -117.25977299250519
98642 -112.0917097185335
98667 -112.12281353963138
98692 -112.1254719413829
98749 -337.7767664887422
98775 -212.8162622409704
98801 -212.10607732090983
98827 -212.10578777903743
98853 -117.22268775840955
98926 -378.6565284218791
98974 -304.9547565583242
99002 -221.48009041490747
99027 -112.14709370345886
99052 -112.17656213782239
99077 -112.14394055819756
99104 -217.30184308325943
99129 -112.14045024085405
99154 -112.1423497723408
99199 -294.02933267966023
99227 -126.1014789454294
99252 -112.09804793809694
99277 -112.12477371506192
99304 -217.44450630009382
99386 -321.5195287608079
99412 -116.544895992385
99437 -112.12846983332582
99462 -112.15967044123099
99497 -250.9166879365919
99522 -112.13531644542802
99559 -165.16668505232042
99584 -112.13062931711838
99609 -112.1338902449513
99634 -112.12535302792656
99660 -212.15486107496002
99685 -112.12294626545697
99710 -112.1304994427829
99742 -140.2952361042971
99825 -324.18659446291696
99856 -235.57663819956122
99882 -212.4612324496715
99912 -229.56120532985418
99938 -117.3066750493566
99980 -180.16581944229526
